     0/599    0.858G   0.08421   0.01939         0    0.1036        27       640   0.01598   0.04348  0.003168 0.0007087    0.1282   0.01754         0
     1/599     4.99G   0.07931   0.01749         0    0.0968        32       640   0.04575   0.08696   0.01009  0.001548    0.1206   0.01593         0
     2/599     5.82G   0.07835   0.01417         0   0.09253        20       640   0.02613    0.1304   0.01214  0.002369   0.09823   0.01328         0
     3/599     5.82G   0.07788   0.01145         0   0.08933        22       640   0.03275    0.1303   0.01385  0.004293   0.08238   0.01118         0
     4/599     5.82G   0.06983  0.009849         0   0.07968        20       640   0.04853    0.1087   0.01552   0.00423   0.07994   0.01031         0
     5/599     5.82G   0.06838  0.008774         0   0.07716        29       640    0.0212   0.08696   0.01229  0.002669   0.09066  0.009448         0
     6/599     5.82G   0.06897  0.007744         0   0.07671        16       640   0.02134    0.3696   0.01328    0.0024   0.09182  0.008976         0
     7/599     5.82G    0.0616  0.007283         0   0.06888        17       640   0.05806   0.06522   0.01628  0.002849   0.07452    0.0089         0
     8/599     5.82G   0.06314  0.007235         0   0.07037        34       640   0.03331    0.1739   0.02191  0.004825   0.07846   0.00814         0
     9/599     5.82G   0.06308  0.006953         0   0.07003        19       640    0.0516    0.3478   0.06408    0.0194   0.07832  0.007955         0
    10/599     5.82G   0.05956   0.00672         0   0.06628        18       640   0.09583    0.1304   0.07104   0.02633   0.07313   0.00832         0
    11/599     5.82G   0.05782  0.006857         0   0.06468        22       640    0.1224    0.2391   0.09208   0.03252   0.06942  0.008561         0
    12/599     5.82G   0.05571  0.006341         0   0.06205        20       640    0.1944    0.1739   0.09331    0.0369   0.06784  0.008764         0
    13/599     5.82G   0.05311  0.006341         0   0.05945        21       640    0.2268    0.2391    0.1459   0.05482   0.06533  0.008861         0
    14/599     5.82G   0.05633  0.006503         0   0.06283        22       640    0.3631    0.2603    0.2205   0.08516   0.06516  0.008795         0
    15/599     5.82G   0.05775  0.006674         0   0.06442        25       640    0.4055    0.2391    0.2692    0.0996   0.06454  0.008577         0
    16/599     5.82G   0.05575  0.006398         0   0.06214        22       640    0.3584    0.4783    0.3503    0.1003   0.06089  0.008724         0
    17/599     5.82G   0.04953  0.005916         0   0.05545        29       640    0.3508    0.5435    0.4118    0.1711   0.05869  0.008423         0
    18/599     5.82G   0.05522  0.006781         0     0.062        25       640    0.4081    0.3897    0.3983    0.1747   0.05724  0.008448         0
    19/599     5.82G   0.04985   0.00648         0   0.05633        24       640    0.4247    0.4495    0.4067    0.1794   0.05531  0.008786         0
    20/599     5.82G   0.03879  0.006584         0   0.04537        22       640    0.4796    0.3696    0.4197    0.1878   0.05576  0.008601         0
    21/599     5.82G   0.06629  0.006133         0   0.07242        22       640    0.4833    0.4783    0.4446     0.193   0.05761  0.008848         0
    22/599     5.82G   0.06123  0.006626         0   0.06785        24       640    0.5634    0.4769    0.5146    0.2316   0.05573  0.009007         0
    23/599     5.82G   0.03784     0.006         0   0.04384        26       640    0.3436    0.5217    0.4083    0.1549   0.07142  0.009147         0
    24/599     5.82G   0.05878  0.006246         0   0.06502        21       640    0.2897    0.6522    0.4114    0.2089   0.08608  0.008988         0
    25/599     5.82G   0.03965  0.006576         0   0.04623        17       640    0.7782    0.3261    0.5264    0.2195   0.08945  0.008606         0
    26/599     5.82G   0.03886  0.006189         0   0.04505        24       640     0.835    0.3696    0.5998     0.328   0.08559  0.008719         0
    27/599     5.82G   0.03176  0.005708         0   0.03747        18       640    0.5569    0.4098    0.5351    0.2581   0.08656  0.008657         0
    28/599     5.82G   0.04483  0.006112         0   0.05094        24       640    0.8667    0.5652     0.744    0.4425   0.08591  0.008467         0
    29/599     5.82G   0.04054  0.006801         0   0.04735        29       640    0.9655    0.6082    0.7975    0.4046   0.08572  0.008325         0
    30/599     5.82G   0.04819  0.006376         0   0.05456        27       640    0.5298    0.7348    0.7013    0.4002   0.08521  0.008394         0
    31/599     5.82G   0.04163  0.006442         0   0.04807        32       640    0.3669    0.6677    0.4023     0.235   0.08439  0.008548         0
    32/599     5.82G   0.02622  0.006375         0   0.03259        24       640    0.3594    0.6739     0.418    0.2485   0.08448  0.008351         0
    33/599     5.82G    0.0268  0.006091         0   0.03289        22       640    0.3759    0.7609    0.4752    0.2991   0.08303  0.008401         0
    34/599     5.82G   0.02579  0.006327         0   0.03211        26       640      0.37    0.7609    0.5035    0.3048   0.08317  0.008254         0
    35/599     5.82G   0.03636  0.006152         0   0.04251        23       640    0.4078    0.8696    0.5827     0.362   0.08357  0.008034         0
    36/599     5.82G   0.04744  0.005456         0    0.0529        21       640    0.5176    0.9331    0.7225    0.4385   0.08501   0.00779         0
    37/599     5.82G   0.02582  0.006133         0   0.03195        24       640     0.821    0.7174    0.8128    0.4482   0.08344  0.007872         0
    38/599     5.82G   0.02542  0.005586         0   0.03101        19       640    0.6225     0.913    0.8187    0.5043   0.08347  0.007626         0
    39/599     5.82G   0.02394   0.00632         0   0.03026        21       640     0.661    0.9348    0.8515    0.5667   0.08067  0.007794         0
    40/599     5.82G   0.02346   0.00621         0   0.02967        25       640    0.8118    0.8438    0.9008    0.6142   0.08068   0.00766         0
    41/599     5.82G   0.03213  0.005446         0   0.03757        12       640    0.8154    0.9348     0.937    0.6288   0.08258  0.007334         0
    42/599     5.82G   0.02266  0.005949         0   0.02861        26       640     0.762    0.9783     0.938    0.6415   0.08184  0.007249         0
    43/599     5.82G   0.02392  0.005739         0   0.02966        31       640    0.8625    0.8261    0.9121    0.6209   0.08349  0.006902         0
    44/599     5.82G   0.02252  0.005267         0   0.02779        21       640    0.8934    0.9348    0.9562    0.6853   0.08161  0.007021         0
    45/599     5.82G   0.02287  0.005686         0   0.02856        22       640    0.8997         1    0.9716    0.6936   0.08054  0.007119         0
    46/599     5.82G   0.02198  0.005517         0   0.02749        23       640    0.9128    0.9105    0.9714    0.4797   0.08207   0.00697         0
    47/599     5.82G   0.04543  0.005176         0   0.05061        26       640    0.9488    0.8913     0.972    0.6922   0.08044   0.00702         0
    48/599     5.82G   0.02293  0.005525         0   0.02846        24       640    0.9529    0.8913    0.9744     0.632   0.08236  0.006879         0
    49/599     5.82G   0.02161  0.005537         0   0.02714        26       640    0.9489    0.8913     0.975      0.74   0.07864  0.007128         0
    50/599     5.82G   0.03341  0.005296         0   0.03871        22       640         1    0.9125    0.9865    0.6022   0.08189  0.006754         0
    51/599     5.82G   0.04291  0.005198         0   0.04811        26       640    0.9767    0.9348    0.9842    0.6993   0.08101  0.006706         0
    52/599     5.82G   0.02158  0.004809         0   0.02639        21       640    0.9767    0.9126    0.9773    0.7078   0.07987  0.006856         0
    53/599     5.82G   0.03138  0.005669         0   0.03705        26       640    0.9997     0.913    0.9817    0.6305   0.07895  0.006779         0
    54/599     5.82G   0.02069  0.004768         0   0.02546        13       640    0.9997    0.9348    0.9859    0.7295   0.07999   0.00659         0
    55/599     5.82G   0.04167  0.004793         0   0.04646        24       640    0.9778    0.9561     0.987    0.6978   0.08395  0.006359         0
    56/599     5.82G   0.02217  0.005001         0   0.02717        29       640         1    0.9561    0.9894    0.6983   0.08102  0.006555         0
    57/599     5.82G   0.03072  0.005233         0   0.03595        33       640    0.9987    0.9565     0.987    0.5987   0.08483  0.006075         0
    58/599     5.82G   0.02084  0.004386         0   0.02523        16       640    0.9994    0.9565    0.9891    0.6639   0.08032  0.006256         0
    59/599     5.82G   0.01907  0.004744         0   0.02382        21       640         1    0.9556    0.9897    0.7529   0.07893   0.00613         0
    60/599     5.82G   0.02176  0.004313         0   0.02607        21       640         1     0.977    0.9912    0.6751   0.08014  0.006144         0
    61/599     5.82G   0.02249  0.004711         0    0.0272        25       640     0.978    0.9783    0.9934    0.6348   0.08023  0.006182         0
    62/599     5.82G   0.03035  0.005241         0   0.03559        26       640    0.9783    0.9782    0.9922    0.6799   0.08048  0.005912         0
    63/599     5.82G   0.03079  0.004454         0   0.03524        28       640    0.9774    0.9565    0.9895    0.7293    0.0805  0.005754         0
    64/599     5.82G   0.01957  0.004307         0   0.02388        28       640    0.9778    0.9562     0.966    0.6705   0.08312  0.005505         0
    65/599     5.82G   0.03003  0.004607         0   0.03464        18       640    0.9749     0.913    0.9825    0.7553   0.07947  0.005657         0
    66/599     5.82G   0.03178  0.004682         0   0.03647        25       640     0.888    0.8696     0.957    0.7308   0.08083  0.005577         0
    67/599     5.82G   0.02944  0.004122         0   0.03356        17       640    0.9333    0.9127     0.973    0.6888   0.07949  0.005771         0
    68/599     5.82G   0.01983  0.004478         0   0.02431        22       640    0.9773    0.9339    0.9844    0.6437    0.0802  0.005791         0
    69/599     5.82G   0.01994  0.004552         0   0.02449        23       640         1    0.9554     0.993    0.7405   0.07949   0.00573         0
    70/599     5.82G   0.02028  0.004853         0   0.02514        26       640    0.9783    0.9778     0.992    0.7922   0.07878  0.005638         0
    71/599     5.82G   0.02006  0.003848         0   0.02391        16       640    0.9783    0.9779    0.9825    0.7443   0.07889  0.005581         0
    72/599     5.82G   0.02967  0.004335         0   0.03401        27       640    0.9776    0.9565    0.9783    0.7756   0.07794  0.005753         0
    73/599     5.82G   0.01843  0.004177         0   0.02261        24       640    0.9998    0.9783    0.9931    0.8227   0.07693   0.00574         0
    74/599     5.82G   0.03683  0.004086         0   0.04091        20       640    0.9783    0.9782    0.9884    0.7729   0.07759  0.005624         0
    75/599     5.82G   0.02839  0.003824         0   0.03221        18       640    0.7752    0.9783    0.9045    0.6987   0.07917  0.005952         0
    76/599     5.82G    0.0227  0.004264         0   0.02697        29       640    0.7027    0.9783    0.8584    0.5794   0.08075  0.006063         0
    77/599     5.82G    0.0201  0.004093         0    0.0242        23       640     0.603    0.8261    0.7776    0.5067   0.08603  0.006337         0
    78/599     5.82G   0.04105  0.004507         0   0.04556        31       640    0.7928     0.587    0.6952    0.3969   0.08937   0.00633         0
    79/599     5.82G   0.02111  0.004295         0   0.02541        26       640    0.6775    0.7391    0.7732    0.4979   0.08632  0.006193         0
    80/599     5.82G   0.03429  0.004353         0   0.03865        25       640    0.6666    0.8694    0.8234    0.5577   0.08433  0.005777         0
    81/599     5.82G   0.02939  0.004009         0    0.0334        25       640    0.6874     0.913    0.8795    0.5786   0.08394  0.005802         0
    82/599     5.82G   0.04274  0.004178         0   0.04692        25       640    0.7187         1    0.9041    0.6174   0.08081  0.005784         0
    83/599     5.82G   0.01941  0.003642         0   0.02305        20       640    0.8717    0.8913    0.9568    0.6462   0.08076  0.005576         0
    84/599     5.82G   0.02836  0.003497         0   0.03186        14       640    0.9388         1    0.9921    0.7107   0.07983  0.005441         0
    85/599     5.82G   0.02798  0.004017         0     0.032        22       640    0.9388    0.9998    0.9909    0.6402   0.08219  0.005063         0
    86/599     5.82G   0.01908  0.003914         0     0.023        25       640    0.9582         1    0.9934    0.7102   0.08041  0.004958         0
    87/599     5.82G   0.01917  0.003633         0    0.0228        21       640         1    0.9996     0.995    0.7333   0.08193  0.004933         0
    88/599     5.82G   0.01951  0.003762         0   0.02328        16       640         1         1     0.995    0.7532   0.07963  0.005081         0
    89/599     5.82G   0.01907  0.003387         0   0.02245        20       640         1    0.9999    0.9951    0.7105   0.08062   0.00511         0
    90/599     5.82G   0.02765  0.003785         0   0.03144        28       640         1         1    0.9951    0.7004   0.07954  0.004977         0
    91/599     5.82G   0.03736  0.003595         0   0.04096        22       640    0.9787    0.9999    0.9947    0.7224   0.07934  0.004701         0
    92/599     5.82G   0.02846  0.003379         0   0.03184        18       640    0.9782    0.9783    0.9792    0.7032   0.07969  0.004804         0
    93/599     5.82G    0.0262   0.00383         0   0.03003        23       640    0.9582         1    0.9934    0.6998   0.07891  0.004866         0
    94/599     5.82G   0.03083  0.003592         0   0.03442        28       640    0.9787         1    0.9942    0.7137   0.08049  0.004603         0
    95/599     5.82G   0.01813  0.003649         0   0.02178        26       640    0.9786         1    0.9938    0.7345   0.08092  0.004483         0
    96/599     5.82G   0.02857  0.003332         0    0.0319        24       640    0.9787         1    0.9938    0.6263   0.08465  0.004577         0
    97/599     5.82G   0.02803  0.003211         0   0.03124        20       640    0.9998    0.9783    0.9943    0.7911   0.08161  0.004347         0
    98/599     5.82G   0.02887  0.003598         0   0.03247        18       640    0.8599    0.9338    0.9416    0.5505   0.08322  0.005854         0
    99/599     5.82G   0.01975  0.004094         0   0.02384        26       640    0.6999    0.6085    0.7133     0.381   0.07366  0.006054         0
   100/599     5.83G   0.02001  0.004713         0   0.02473        25       640    0.8918    0.7168    0.8296    0.4313   0.07201  0.006023         0
   101/599     5.83G   0.02414   0.00396         0    0.0281        27       640    0.9474    0.7825    0.8941    0.6379   0.07062  0.005886         0
   102/599     5.83G   0.01952  0.004282         0    0.0238        23       640    0.8903    0.8913    0.9507    0.6043   0.07295  0.005585         0
   103/599     5.83G   0.04336  0.003939         0    0.0473        26       640    0.7598    0.8261    0.8357    0.2828   0.08014  0.005403         0
   104/599     5.83G   0.03481   0.00371         0   0.03852        18       640    0.9374    0.9769    0.9845    0.6649   0.07912  0.005069         0
   105/599     5.83G   0.04502  0.003958         0   0.04898        29       640    0.9379         1    0.9872     0.587   0.04776   0.00509         0
   106/599     5.83G   0.03488  0.003902         0   0.03879        17       640    0.9443    0.7369    0.8774    0.4311   0.06605  0.005266         0
   107/599     5.83G   0.02959   0.00416         0   0.03375        17       640    0.8773    0.9348    0.9341    0.5944   0.05923  0.005166         0
   108/599     5.83G   0.02009  0.003959         0   0.02405        25       640    0.9756    0.9348    0.9703    0.6695   0.05631  0.004982         0
   109/599     5.83G   0.02219  0.003634         0   0.02583        19       640    0.9996    0.9348    0.9768    0.6796   0.05512  0.004917         0
   110/599     5.83G   0.03056  0.003746         0   0.03431        25       640    0.9773    0.9565    0.9702    0.7231   0.05749  0.005044         0
   111/599     5.83G    0.0341   0.00337         0   0.03747        23       640    0.9776    0.9565    0.9766    0.6738   0.05601  0.005264         0
   112/599     5.83G   0.03419  0.003868         0   0.03806        24       640    0.9573    0.9783    0.9754    0.5232   0.05552  0.005333         0
   113/599     5.83G   0.02954  0.004233         0   0.03378        30       640    0.9783    0.9782    0.9914    0.7572   0.04771  0.004973         0
   114/599     5.83G   0.02063  0.003523         0   0.02416        24       640    0.9787    0.9999    0.9942    0.6978   0.04478  0.004912         0
   115/599     5.83G   0.03161  0.003558         0   0.03517        21       640    0.9786         1    0.9938    0.7084   0.04307  0.005117         0
   116/599     5.83G   0.02609  0.003839         0   0.02993        26       640         1    0.9999    0.9952    0.7536   0.03948  0.005191         0
   117/599     5.83G   0.03029  0.003506         0    0.0338        21       640    0.9999         1    0.9952    0.6597   0.03996  0.005129         0
   118/599     5.83G   0.05182  0.003271         0   0.05509        23       640    0.9787    0.9999    0.9944    0.6908   0.03886  0.005414         0
   119/599     5.83G   0.01963     0.004         0   0.02363        29       640    0.9787         1     0.994    0.6511   0.03984  0.005117         0
   120/599     5.83G   0.02778  0.003357         0   0.03113        21       640    0.9583         1    0.9936    0.7219   0.03743  0.005058         0
   121/599     5.83G   0.01662  0.003264         0   0.01988        25       640    0.9787         1    0.9944    0.6856   0.03958   0.00482         0
   122/599     5.83G   0.02806   0.00328         0   0.03134        22       640         1    0.9782    0.9944    0.6246    0.0408  0.004987         0
   123/599     5.83G    0.0289  0.003469         0   0.03237        33       640    0.9787    0.9998    0.9944    0.7315    0.0398  0.005147         0
   124/599     5.83G   0.01627  0.003577         0   0.01985        26       640    0.9787    0.9999    0.9948    0.7497    0.0396  0.004934         0
   125/599     5.83G   0.01977   0.00301         0   0.02278        17       640    0.9787         1    0.9948    0.7078   0.03949   0.00501         0
   126/599     5.83G   0.02857  0.003289         0   0.03186        26       640    0.9999         1    0.9952    0.7749   0.03906   0.00506         0
   127/599     5.83G   0.01606  0.003179         0   0.01924        25       640         1         1    0.9952    0.7632   0.03899  0.004855         0
   128/599     5.83G   0.03699  0.003336         0   0.04033        28       640    0.9999         1    0.9952    0.7761   0.03984  0.004674         0
   129/599     5.83G   0.01902  0.003107         0   0.02213        20       640         1         1    0.9953    0.7294   0.04037  0.004834         0
   130/599     5.83G    0.0336  0.002698         0    0.0363        20       640    0.9999         1    0.9953    0.7583   0.03799  0.005058         0
   131/599     5.83G   0.02657  0.003212         0   0.02978        27       640         1         1    0.9954    0.7403   0.03919  0.004949         0
   132/599     5.83G   0.03804  0.003317         0   0.04135        32       640         1         1    0.9953    0.7946   0.03922  0.004694         0
   133/599     5.83G   0.01654  0.003285         0   0.01982        26       640         1         1    0.9954    0.7688   0.04026  0.004553         0
   134/599     5.83G   0.03519  0.003078         0   0.03827        21       640         1         1    0.9954    0.7566   0.03959  0.004529         0
   135/599     5.83G   0.03162   0.00294         0   0.03456        23       640         1         1    0.9954    0.7536   0.03961  0.004693         0
   136/599     5.83G   0.02775  0.003184         0   0.03093        22       640         1         1    0.9955    0.8081   0.03767  0.004858         0
   137/599     5.83G    0.0348  0.003173         0   0.03797        27       640         1         1    0.9954    0.7307   0.03898  0.004679         0
   138/599     5.83G   0.02894  0.003118         0   0.03206        17       640         1         1    0.9954     0.794   0.03864  0.004624         0
   139/599     5.83G   0.02479  0.002753         0   0.02754        22       640         1         1    0.9955    0.8108   0.03819  0.004632         0
   140/599     5.83G   0.02545  0.003147         0    0.0286        25       640         1         1    0.9955    0.7897   0.03823  0.004572         0
   141/599     5.83G   0.01825  0.002904         0   0.02115        24       640         1         1    0.9955    0.6542   0.04038  0.004701         0
   142/599     5.83G   0.04097   0.00269         0   0.04366        24       640    0.9999         1    0.9955    0.7694   0.03921  0.004791         0
   143/599     5.83G   0.02462  0.003261         0   0.02788        31       640    0.9999         1    0.9954    0.7907   0.03847  0.004684         0
   144/599     5.83G   0.02533  0.002815         0   0.02815        21       640    0.9999         1    0.9954    0.7968   0.03944  0.004502         0
   145/599     5.83G   0.01753  0.002567         0    0.0201        21       640         1         1    0.9954    0.7891   0.03898  0.004527         0
   146/599     5.83G   0.03325  0.002922         0   0.03617        18       640         1         1    0.9954    0.8114   0.03834  0.004388         0
   147/599     5.83G   0.01623  0.002376         0    0.0186        25       640    0.9999         1    0.9954    0.7495   0.03961  0.004419         0
   148/599     5.83G   0.02512  0.002799         0   0.02792        20       640         1         1    0.9955    0.7842   0.03811  0.004422         0
   149/599     5.83G    0.0269   0.00254         0   0.02944        14       640         1         1    0.9955    0.7148    0.0397  0.004472         0
   150/599     5.83G    0.0367  0.002821         0   0.03952        28       640         1         1    0.9955    0.7665   0.03992  0.004461         0
   151/599     5.83G   0.02468  0.002519         0    0.0272        24       640         1         1    0.9956    0.7557   0.03985  0.004483         0
   152/599     5.83G   0.01477  0.002761         0   0.01753        22       640         1         1    0.9955    0.7889   0.03846  0.004415         0
   153/599     5.83G   0.02421  0.002673         0   0.02688        22       640         1         1    0.9954     0.772   0.03896  0.004347         0
   154/599     5.83G   0.01456  0.002289         0   0.01685        20       640         1         1    0.9954    0.7908   0.03815  0.004357         0
   155/599     5.83G   0.01708  0.002808         0   0.01989        29       640         1         1    0.9954    0.7758   0.03893  0.004427         0
   156/599     5.83G   0.01773  0.002416         0   0.02014        20       640         1         1    0.9955    0.8139   0.03821  0.004409         0
   157/599     5.83G   0.03315  0.002746         0    0.0359        22       640         1         1    0.9955    0.7785   0.03916  0.004248         0
   158/599     5.83G   0.02404  0.002622         0   0.02666        12       640         1         1    0.9954     0.803   0.03858  0.004202         0
   159/599     5.83G   0.02327  0.002691         0   0.02596        20       640         1         1    0.9954    0.8085   0.03849  0.004163         0
   160/599     5.83G   0.01407  0.002637         0   0.01671        26       640         1         1    0.9955    0.8003   0.03853   0.00419         0
   161/599     5.83G   0.02658  0.002603         0   0.02918        25       640         1         1    0.9956    0.8251   0.03809  0.004199         0
   162/599     5.83G   0.02599  0.002763         0   0.02876        21       640         1         1    0.9956    0.7914   0.04068  0.004051         0
   163/599     5.83G    0.0136  0.002479         0   0.01607        21       640         1         1    0.9955    0.7724   0.04075  0.003906         0
   164/599     5.83G   0.01228  0.002303         0   0.01458        15       640         1         1    0.9954    0.8102   0.04076  0.003761         0
   165/599     5.83G   0.01322  0.002477         0    0.0157        24       640         1         1    0.9954    0.7578   0.04221  0.003804         0
   166/599     5.83G   0.01356  0.002536         0   0.01609        32       640         1         1    0.9954    0.8015    0.0421  0.003656         0
   167/599     5.83G   0.02496  0.002453         0   0.02742        17       640         1         1    0.9955    0.8176   0.04149   0.00372         0
   168/599     5.83G   0.01299  0.002778         0   0.01577        24       640         1         1    0.9955    0.8275    0.0422  0.003658         0
   169/599     5.83G   0.01454  0.002467         0   0.01701        26       640         1         1    0.9955    0.7562   0.04359  0.003673         0
   170/599     5.83G   0.02292  0.002374         0   0.02529        23       640         1         1    0.9956    0.8156   0.04172  0.003604         0
   171/599     5.83G   0.01401  0.002285         0   0.01629        26       640    0.9999         1    0.9956    0.7611   0.04261  0.003641         0
   172/599     5.83G   0.03381  0.002643         0   0.03646        28       640         1         1    0.9956    0.7964   0.04158  0.003643         0
   173/599     5.83G   0.01414   0.00246         0    0.0166        25       640         1         1    0.9956    0.7182   0.04357  0.003719         0
   174/599     5.83G   0.01673  0.002198         0   0.01893        22       640         1         1    0.9958    0.7848   0.04116   0.00386         0
   175/599     5.83G   0.02318  0.002355         0   0.02553        24       640         1         1    0.9957    0.7923   0.04081  0.003835         0
   176/599     5.83G   0.01332  0.002403         0   0.01572        23       640         1         1    0.9956    0.8103   0.04038   0.00378         0
   177/599     5.83G   0.02285  0.002224         0   0.02507        18       640    0.9787         1    0.9947     0.756    0.0405  0.003686         0
   178/599     5.83G   0.01355  0.002171         0   0.01572        20       640    0.9787    0.9999    0.9951    0.8256   0.03985  0.003647         0
   179/599     5.83G   0.01441  0.002323         0   0.01674        22       640    0.9787         1    0.9951    0.8224   0.04033  0.003626         0
   180/599     5.83G   0.02434  0.002586         0   0.02692        22       640         1         1    0.9956    0.8206   0.04049  0.003697         0
   181/599     5.83G   0.03344  0.002429         0   0.03587        24       640         1         1    0.9955    0.8065   0.04069  0.003688         0
   182/599     5.83G   0.01469  0.002181         0   0.01687        17       640         1         1    0.9955    0.8113   0.04011  0.003739         0
   183/599     5.83G   0.03195  0.002324         0   0.03428        22       640         1         1    0.9955    0.7847   0.03978  0.003794         0
   184/599     5.83G   0.02298  0.002189         0   0.02517        25       640         1         1    0.9955    0.8244   0.03876  0.003845         0
   185/599     5.83G   0.03464  0.002181         0   0.03682        21       640    0.9999         1    0.9955    0.7386   0.04028  0.003889         0
   186/599     5.83G   0.01646  0.002312         0   0.01877        27       640         1         1    0.9955    0.7953   0.03978  0.003966         0
   187/599     5.83G   0.02079  0.002256         0   0.02305        21       640    0.9999         1    0.9955     0.826   0.03978  0.003883         0
   188/599     5.83G   0.02275    0.0023         0   0.02505        22       640         1         1    0.9956    0.8228   0.03911  0.003918         0
   189/599     5.83G    0.0133  0.002171         0   0.01547        17       640    0.9999         1    0.9956    0.8137   0.03959  0.003939         0
   190/599     5.83G   0.03219  0.002313         0    0.0345        15       640         1         1    0.9956    0.8094   0.03979  0.003901         0
   191/599     5.83G   0.01258  0.002326         0    0.0149        21       640         1         1    0.9956     0.817   0.03952  0.003913         0
   192/599     5.83G    0.0141   0.00248         0   0.01658        19       640         1         1    0.9956    0.8226   0.03923  0.003907         0
   193/599     5.83G    0.0154  0.002299         0    0.0177        21       640         1         1    0.9957    0.8023   0.03923  0.003979         0
   194/599     5.83G   0.02399  0.002514         0    0.0265        29       640         1         1    0.9957    0.8021    0.0398  0.003982         0
   195/599     5.83G   0.03229  0.002355         0   0.03464        20       640    0.9999         1    0.9956     0.799   0.03985  0.003868         0
   196/599     5.83G   0.02373  0.002261         0   0.02599        21       640    0.9582         1    0.9944    0.7998    0.0435  0.003887         0
   197/599     5.83G    0.0131  0.002512         0   0.01561        17       640    0.9148    0.9348     0.963    0.7345   0.04495    0.0045         0
   198/599     5.83G   0.01401  0.002837         0   0.01685        26       640    0.8255    0.8261     0.869    0.6461   0.04692  0.005757         0
   199/599     5.83G   0.01382   0.00281         0   0.01663        23       640    0.8918    0.7169    0.8373    0.6298   0.04728  0.005669         0
   200/599     5.83G   0.04255  0.002549         0   0.04509        21       640    0.8749    0.7609    0.8695    0.6581   0.04744  0.005485         0
   201/599     5.83G   0.02328  0.002606         0   0.02588        38       640    0.8661    0.8478    0.9041    0.6799   0.04727  0.005364         0
   202/599     5.83G   0.02462  0.002777         0    0.0274        25       640    0.8958    0.9344    0.9456    0.7025   0.04751  0.005112         0
   203/599     5.83G   0.01399   0.00275         0   0.01674        27       640    0.9148    0.9348    0.9673    0.7372   0.04735  0.004677         0
   204/599     5.83G   0.01355  0.002638         0   0.01618        27       640    0.9556    0.9347    0.9861    0.7768   0.04623  0.004211         0
   205/599     5.83G   0.01315  0.002656         0    0.0158        28       640    0.9998         1    0.9954    0.7961   0.04491  0.004076         0
   206/599     5.83G   0.03211  0.002506         0   0.03461        23       640         1         1    0.9953    0.8012   0.04442  0.004049         0
   207/599     5.83G   0.02529  0.002501         0   0.02779        23       640    0.9999         1    0.9953    0.7735   0.04412  0.004091         0
   208/599     5.83G   0.01604  0.002569         0   0.01861        27       640    0.9999         1    0.9953    0.7729   0.04394  0.004117         0
   209/599     5.83G   0.03342  0.002493         0   0.03591        23       640         1         1    0.9953    0.7906   0.04326  0.004044         0
   210/599     5.83G   0.03225  0.002616         0   0.03486        32       640         1         1    0.9952    0.7812   0.04288  0.004033         0
   211/599     5.83G   0.01312   0.00232         0   0.01544        26       640         1         1    0.9952    0.8004   0.04316  0.003799         0
   212/599     5.83G   0.01217  0.002435         0   0.01461        21       640         1         1    0.9953    0.8138   0.04408  0.003543         0
   213/599     5.83G   0.03301  0.002489         0    0.0355        21       640         1         1    0.9953    0.8015   0.04471  0.003432         0
   214/599     5.83G   0.01343  0.002431         0   0.01586        20       640         1         1    0.9954    0.8159   0.04524  0.003309         0
   215/599     5.83G   0.01309  0.002213         0   0.01531        19       640         1         1    0.9955    0.8036   0.04594  0.003262         0
   216/599     5.83G   0.02275  0.002173         0   0.02492        20       640         1         1    0.9955    0.8299   0.04564  0.003116         0
   217/599     5.83G   0.01285  0.002372         0   0.01523        23       640         1         1    0.9955    0.8026   0.04709  0.003047         0
   218/599     5.83G   0.01338  0.002269         0   0.01565        21       640    0.9999         1    0.9955    0.8314   0.04691  0.003088         0
   219/599     5.83G   0.03304  0.002249         0   0.03529        24       640    0.9996    0.9783    0.9944    0.8167   0.04711  0.003228         0
   220/599     5.83G   0.03317  0.002181         0   0.03535        23       640         1         1    0.9958    0.8215   0.04652   0.00312         0
   221/599     5.83G    0.0119  0.002203         0    0.0141        25       640         1         1    0.9958    0.8228   0.04598  0.003092         0
   222/599     5.83G   0.02078  0.002077         0   0.02286        28       640         1         1    0.9958    0.8075    0.0459  0.003202         0
   223/599     5.83G   0.02171  0.002102         0   0.02381        21       640         1         1    0.9956     0.808   0.04592  0.003239         0
   224/599     5.83G   0.02068  0.002255         0   0.02294        29       640         1    0.9999    0.9955    0.8036   0.04511  0.003271         0
   225/599     5.83G   0.01264  0.002199         0   0.01484        15       640         1         1    0.9958    0.8191   0.04491  0.003255         0
   226/599     5.83G   0.01213  0.002427         0   0.01456        29       640         1         1     0.996    0.8199   0.04448  0.003227         0
   227/599     5.83G   0.01153  0.002247         0   0.01377        25       640         1         1     0.996    0.8138   0.04434  0.003222         0
   228/599     5.83G   0.01208  0.002002         0   0.01408        21       640         1         1    0.9961    0.8297   0.04485  0.003126         0
   229/599     5.83G   0.03031  0.002083         0   0.03239        24       640    0.9999         1    0.9962    0.8307   0.04471  0.003089         0
   230/599     5.83G   0.01157  0.002475         0   0.01405        30       640         1         1    0.9962    0.8331   0.04475   0.00305         0
   231/599     5.83G   0.02057  0.001942         0   0.02251        15       640         1         1    0.9961    0.8293   0.04547   0.00305         0
   232/599     5.83G   0.01471  0.002638         0   0.01735        28       640         1         1    0.9962    0.8206   0.04574  0.003155         0
   233/599     5.83G   0.01198  0.002282         0   0.01426        27       640         1         1     0.996    0.8146   0.04606  0.003199         0
   234/599     5.83G   0.03061  0.002062         0   0.03267        32       640         1         1    0.9959    0.8268   0.04542  0.003158         0
   235/599     5.83G   0.01075  0.001846         0   0.01259        18       640         1         1     0.996    0.8508   0.04466  0.003113         0
   236/599     5.83G   0.02041  0.002052         0   0.02246        25       640         1         1    0.9961    0.8366   0.04462  0.003086         0
   237/599     5.83G   0.01045  0.001653         0    0.0121        20       640         1         1    0.9962    0.8339   0.04418  0.003069         0
   238/599     5.83G   0.01131   0.00235         0   0.01366        27       640         1         1    0.9962    0.8502   0.04347  0.003151         0
   239/599     5.83G    0.0113  0.001974         0   0.01327        22       640         1         1    0.9959    0.8302   0.04365  0.003187         0
   240/599     5.83G   0.01098   0.00228         0   0.01326        32       640         1         1    0.9959    0.8462   0.04306   0.00331         0
   241/599     5.83G   0.01067  0.001892         0   0.01256        17       640         1         1    0.9959    0.8458     0.043  0.003306         0
   242/599     5.83G   0.02081  0.001992         0    0.0228        18       640         1         1    0.9965    0.8371   0.04246  0.003316         0
   243/599     5.83G   0.01051  0.001781         0   0.01229        18       640         1         1    0.9967    0.8351   0.04205  0.003414         0
   244/599     5.83G   0.01071  0.001912         0   0.01262        22       640         1         1    0.9967    0.8409   0.04184  0.003523         0
   245/599     5.83G   0.01955  0.001936         0   0.02149        27       640         1         1    0.9968    0.8404   0.04193  0.003476         0
   246/599     5.83G   0.01142  0.001823         0   0.01325        21       640         1         1    0.9969    0.8461    0.0424  0.003359         0
   247/599     5.83G   0.01051  0.001972         0   0.01249        20       640         1         1    0.9967    0.8454   0.04254  0.003286         0
   248/599     5.83G   0.01067  0.002178         0   0.01285        16       640         1         1    0.9969    0.8692   0.04267  0.003203         0
   249/599     5.83G   0.03036  0.001846         0   0.03221        23       640         1         1    0.9969    0.8555   0.04316   0.00315         0
   250/599     5.83G   0.02113  0.001796         0   0.02293        24       640         1         1    0.9969    0.8525   0.04305   0.00311         0
   251/599     5.83G   0.01064  0.001855         0    0.0125        25       640    0.9787         1    0.9965    0.8443   0.04361  0.003036         0
   252/599     5.83G   0.01031  0.002255         0   0.01256        28       640         1    0.9999    0.9969    0.8797   0.04351  0.002947         0
   253/599     5.83G   0.01065  0.002172         0   0.01282        24       640         1         1    0.9969    0.8685   0.04321  0.002941         0
   254/599     5.83G   0.01141  0.001879         0   0.01329        23       640         1         1    0.9969    0.8563   0.04337  0.002961         0
   255/599     5.83G   0.02112  0.001963         0   0.02309        17       640         1         1    0.9969    0.8341   0.04362   0.00302         0
   256/599     5.83G   0.01284  0.002107         0   0.01495        25       640         1         1    0.9967    0.8574   0.04372  0.003104         0
   257/599     5.83G   0.02065  0.002063         0   0.02271        20       640         1         1    0.9965    0.8546   0.04346  0.003113         0
   258/599     5.83G   0.02052  0.002049         0   0.02257        20       640         1         1    0.9965    0.8623    0.0434   0.00307         0
   259/599     5.83G   0.01014   0.00175         0   0.01189        15       640         1         1    0.9966    0.8491   0.04302  0.003111         0
   260/599     5.83G   0.02088  0.002425         0    0.0233        31       640         1         1    0.9965    0.8433   0.04271  0.003165         0
   261/599     5.83G   0.01021  0.001787         0   0.01199        15       640         1         1    0.9967    0.8559   0.04261  0.003143         0
   262/599     5.83G   0.02031  0.002145         0   0.02246        31       640         1         1    0.9969    0.8534   0.04233  0.003226         0
   263/599     5.83G   0.01001  0.001757         0   0.01177        24       640         1         1    0.9968    0.8568   0.04248  0.003235         0
   264/599     5.83G   0.01875  0.001664         0   0.02042        19       640         1         1    0.9965    0.8526   0.04301  0.003194         0
   265/599     5.83G   0.02988  0.002204         0   0.03208        29       640         1         1    0.9966    0.8476   0.04288  0.003161         0
   266/599     5.83G     0.019  0.001765         0   0.02077        20       640         1         1    0.9969    0.8357   0.04258   0.00324         0
   267/599     5.83G   0.02065  0.002318         0   0.02296        26       640         1         1    0.9968    0.8222   0.04237  0.003319         0
   268/599     5.83G   0.01094  0.001879         0   0.01282        25       640         1         1    0.9964    0.8621   0.04034  0.003399         0
   269/599     5.83G   0.00926  0.002033         0   0.01129        21       640         1         1    0.9964    0.8571   0.03977  0.003488         0
   270/599     5.83G  0.009791  0.001836         0   0.01163        20       640         1         1    0.9962      0.84   0.03893  0.003743         0
   271/599     5.83G   0.01055  0.001872         0   0.01242        19       640         1         1    0.9963    0.8551   0.03852  0.003788         0
   272/599     5.83G  0.009663  0.001855         0   0.01152        21       640         1         1    0.9965    0.8448   0.03831  0.003717         0
   273/599     5.83G   0.01054  0.002016         0   0.01256        17       640         1         1    0.9969    0.8376   0.03804  0.003818         0
   274/599     5.83G  0.009226  0.001758         0   0.01098        21       640         1         1     0.997    0.8415   0.03655  0.003984         0
   275/599     5.83G   0.01988  0.002054         0   0.02194        22       640         1         1     0.997     0.848   0.03626  0.003943         0
   276/599     5.83G  0.009951  0.001833         0   0.01178        19       640         1         1    0.9972    0.8481    0.0363    0.0039         0
   277/599     5.83G   0.01973  0.001932         0   0.02166        24       640         1         1    0.9971    0.8406   0.03644  0.003944         0
   278/599     5.83G   0.01936  0.001871         0   0.02123        22       640         1         1     0.997    0.8461   0.03634  0.003942         0
   279/599     5.83G   0.02151  0.002246         0   0.02375        30       640         1         1     0.997      0.84   0.03717  0.003979         0
   280/599     5.83G   0.01024   0.00176         0     0.012        18       640         1         1     0.997    0.8613   0.03636  0.003985         0
   281/599     5.83G  0.009223  0.001927         0   0.01115        24       640         1         1    0.9969    0.8468   0.03636  0.004035         0
   282/599     5.83G   0.01922  0.002012         0   0.02124        23       640         1         1    0.9967     0.851   0.03584  0.004062         0
   283/599     5.83G  0.009225  0.001692         0   0.01092        19       640         1         1    0.9966    0.8423   0.03562  0.004076         0
   284/599     5.83G  0.009805  0.001834         0   0.01164        20       640         1         1    0.9969     0.856   0.03575  0.004094         0
   285/599     5.83G  0.009374  0.002042         0   0.01142        25       640         1         1    0.9969     0.849   0.03529  0.004097         0
   286/599     5.83G  0.009721  0.001925         0   0.01165        21       640         1         1    0.9968    0.8611   0.03513  0.004027         0
   287/599     5.83G   0.01991  0.001978         0   0.02189        26       640         1         1    0.9967    0.8667    0.0349  0.004039         0
   288/599     5.83G   0.01942  0.001829         0   0.02124        22       640         1         1    0.9968    0.8617   0.03473  0.004105         0
   289/599     5.83G  0.008977    0.0018         0   0.01078        16       640         1         1    0.9969     0.863   0.03481  0.004109         0
   290/599     5.83G   0.02006  0.001936         0   0.02199        24       640         1         1    0.9973    0.8427   0.03498  0.004145         0
   291/599     5.83G   0.01845  0.001907         0   0.02036        26       640         1         1    0.9973    0.8503   0.03454  0.004169         0
   292/599     5.83G  0.008812  0.001811         0   0.01062        21       640         1         1    0.9974    0.8553   0.03401  0.004145         0
   293/599     5.83G  0.008601  0.001848         0   0.01045        21       640         1         1    0.9975    0.8659   0.03361  0.004174         0
   294/599     5.83G  0.008627  0.001882         0   0.01051        19       640         1         1    0.9975    0.8611   0.03286  0.004223         0
   295/599     5.83G  0.009223  0.002109         0   0.01133        32       640         1         1    0.9976     0.859   0.03289  0.004244         0
   296/599     5.83G  0.009525  0.001666         0   0.01119        20       640         1         1    0.9975    0.8487   0.03382  0.004162         0
   297/599     5.83G  0.009262  0.001838         0    0.0111        21       640         1         1    0.9975    0.8535   0.03407   0.00408         0
   298/599     5.83G  0.009406  0.001778         0   0.01118        23       640         1         1    0.9975    0.8556   0.03462  0.003972         0
   299/599     5.83G   0.01917   0.00187         0   0.02104        19       640         1         1    0.9974    0.8531   0.03501  0.003931         0
   300/599     5.83G   0.02831  0.001651         0   0.02996        23       640         1         1    0.9973    0.8728    0.0356  0.003838         0
   301/599     5.83G   0.01811  0.001741         0   0.01985        23       640         1         1    0.9973    0.8757   0.03593   0.00386         0
   302/599     5.83G  0.009329  0.001798         0   0.01113        22       640         1         1    0.9973    0.8804   0.03612  0.003877         0
   303/599     5.83G    0.0187  0.001917         0   0.02061        29       640         1         1    0.9973    0.8625    0.0358  0.003946         0
   304/599     5.83G  0.008893  0.002002         0   0.01089        30       640         1         1    0.9971    0.8529   0.03564  0.003986         0
   305/599     5.83G   0.01849  0.002005         0   0.02049        23       640         1         1     0.997    0.8472   0.03545   0.00395         0
   306/599     5.83G   0.01813  0.001759         0   0.01989        18       640         1         1    0.9971    0.8671   0.03501  0.003942         0
   307/599     5.83G  0.009281  0.001796         0   0.01108        17       640         1         1    0.9971     0.858   0.03463  0.003992         0
   308/599     5.83G    0.0385  0.001851         0   0.04036        21       640         1         1    0.9973    0.8515    0.0344  0.004001         0
   309/599     5.83G  0.009468  0.001829         0    0.0113        25       640         1         1    0.9977    0.8566   0.03463  0.004013         0
   310/599     5.83G   0.00886  0.002014         0   0.01087        25       640         1         1    0.9978    0.8562   0.03467  0.003996         0
   311/599     5.83G   0.02001  0.001968         0   0.02198        27       640         1         1    0.9977    0.8581   0.03493  0.003961         0
   312/599     5.83G  0.009048  0.002042         0   0.01109        29       640         1         1    0.9977    0.8438   0.03551  0.003862         0
   313/599     5.83G  0.008167  0.001794         0  0.009961        27       640         1         1    0.9977    0.8489   0.03578  0.003803         0
   314/599     5.83G  0.008595  0.001739         0   0.01033        16       640         1         1    0.9976    0.8534   0.03649  0.003695         0
   315/599     5.83G   0.01819     0.002         0   0.02019        23       640         1         1    0.9973    0.8635   0.03691  0.003652         0
   316/599     5.83G  0.009256  0.001636         0   0.01089        18       640         1         1    0.9971    0.8638   0.03744  0.003646         0
   317/599     5.83G   0.01804  0.001689         0   0.01973        19       640         1         1    0.9971    0.8749   0.03754  0.003627         0
   318/599     5.83G  0.009594   0.00193         0   0.01152        23       640         1         1    0.9972    0.8754   0.03778  0.003553         0
   319/599     5.83G   0.01818  0.001937         0   0.02011        25       640         1         1    0.9973    0.8654    0.0382  0.003513         0
   320/599     5.83G   0.02854  0.001937         0   0.03047        25       640         1         1    0.9973    0.8702   0.03811  0.003468         0
   321/599     5.83G   0.01879  0.001813         0    0.0206        20       640         1         1    0.9974    0.8597   0.03869  0.003406         0
   322/599     5.83G  0.008837  0.001838         0   0.01067        26       640         1         1    0.9974    0.8815   0.03832  0.003334         0
   323/599     5.83G   0.01979  0.001861         0   0.02165        18       640         1         1    0.9974    0.8688   0.03834  0.003383         0
   324/599     5.83G  0.009284  0.001831         0   0.01112        31       640         1         1    0.9974    0.8588   0.03838  0.003504         0
   325/599     5.83G   0.01784  0.001696         0   0.01954        23       640         1         1    0.9973    0.8733   0.03826  0.003517         0
   326/599     5.83G  0.009289  0.001865         0   0.01115        20       640         1         1    0.9973    0.8462   0.03847   0.00359         0
   327/599     5.83G   0.01779  0.001719         0   0.01951        18       640         1         1    0.9974    0.8613   0.03731  0.003687         0
   328/599     5.83G     0.028  0.001726         0   0.02972        25       640         1         1    0.9976    0.8827   0.03551  0.003856         0
   329/599     5.83G   0.03698  0.001811         0   0.03879        22       640         1         1    0.9976    0.8831   0.03465  0.004002         0
   330/599     5.83G  0.008439  0.001803         0   0.01024        22       640         1         1    0.9979    0.8781   0.03334   0.00419         0
   331/599     5.83G  0.008137  0.001664         0  0.009801        21       640         1         1     0.998    0.8616   0.03268  0.004307         0
   332/599     5.83G   0.02812  0.001766         0   0.02989        20       640         1         1    0.9982     0.868   0.03149  0.004474         0
   333/599     5.83G   0.01738  0.001722         0   0.01911        23       640         1         1    0.9979    0.8697   0.03142  0.004447         0
   334/599     5.83G   0.01803  0.001816         0   0.01984        18       640         1         1    0.9977    0.8644   0.03264  0.004224         0
   335/599     5.83G  0.008861  0.001631         0   0.01049        27       640         1         1    0.9975    0.8767   0.03284   0.00412         0
   336/599     5.83G   0.00967  0.001672         0   0.01134        15       640         1         1    0.9974    0.8662   0.03259  0.004081         0
   337/599     5.83G  0.009375  0.001654         0   0.01103        17       640         1         1    0.9973    0.8718   0.03216  0.004129         0
   338/599     5.83G   0.01846  0.001802         0   0.02026        17       640         1         1    0.9973    0.8616   0.03289  0.004061         0
   339/599     5.83G  0.008517  0.001743         0   0.01026        23       640         1         1    0.9976     0.849   0.03292  0.004078         0
   340/599     5.83G  0.007958  0.001698         0  0.009655        23       640         1         1    0.9976    0.8573    0.0323  0.004107         0
   341/599     5.83G  0.007575  0.001727         0  0.009302        17       640         1         1    0.9977    0.8645   0.03214  0.004122         0
   342/599     5.83G  0.008433  0.001888         0   0.01032        18       640         1         1    0.9976    0.8528   0.03221  0.004087         0
   343/599     5.83G  0.007919  0.001818         0  0.009738        23       640         1         1    0.9976    0.8525   0.03277  0.004055         0
   344/599     5.83G   0.01811  0.001723         0   0.01983        28       640         1         1    0.9974    0.8535   0.03331  0.004025         0
   345/599     5.83G   0.00806  0.001715         0  0.009775        20       640         1         1    0.9973    0.8604   0.03302  0.004063         0
   346/599     5.83G   0.02777  0.001859         0   0.02963        22       640         1         1    0.9974    0.8609   0.03291  0.004132         0
   347/599     5.83G   0.03696  0.001809         0   0.03877        24       640         1         1    0.9973    0.8523   0.03261  0.004128         0
   348/599     5.83G  0.008413  0.001956         0   0.01037        22       640         1         1    0.9973    0.8591   0.03261  0.004057         0
   349/599     5.83G   0.01844  0.001932         0   0.02037        24       640         1         1    0.9974    0.8617   0.03248  0.004065         0
   350/599     5.83G   0.01852  0.001705         0   0.02022        20       640         1         1    0.9974    0.8625   0.03244  0.004021         0
   351/599     5.83G   0.00862  0.001767         0   0.01039        22       640         1         1    0.9973    0.8583   0.03219  0.004039         0
   352/599     5.83G   0.02783   0.00193         0   0.02976        23       640         1         1    0.9971    0.8754   0.03186  0.004016         0
   353/599     5.83G  0.008623  0.001748         0   0.01037        21       640         1         1     0.997     0.869   0.03209  0.004012         0
   354/599     5.83G   0.01857  0.001807         0   0.02038        22       640         1         1    0.9969    0.8687   0.03233   0.00396         0
   355/599     5.83G   0.01847  0.001769         0   0.02024        20       640         1         1    0.9968    0.8554    0.0334  0.003883         0
   356/599     5.83G   0.02684   0.00193         0   0.02877        33       640         1         1    0.9968    0.8775   0.03376  0.003775         0
   357/599     5.83G   0.00912  0.001782         0    0.0109        21       640         1         1    0.9967      0.85   0.03435  0.003763         0
   358/599     5.83G  0.008849  0.001982         0   0.01083        25       640         1         1    0.9967    0.8536   0.03383  0.003776         0
   359/599     5.83G   0.01741  0.001602         0   0.01901        21       640         1         1    0.9967     0.855   0.03343  0.003823         0
   360/599     5.83G  0.008297  0.001667         0  0.009964        26       640         1         1    0.9968    0.8619   0.03257  0.003886         0
   361/599     5.83G  0.008554  0.001909         0   0.01046        27       640         1         1    0.9971    0.8705   0.03212  0.003914         0
   362/599     5.83G  0.007967  0.001632         0  0.009599        25       640         1         1    0.9972    0.8584   0.03192  0.003914         0
   363/599     5.83G   0.01778  0.001745         0   0.01953        25       640         1         1    0.9974    0.8718   0.03211  0.003888         0
   364/599     5.83G  0.007941  0.001851         0  0.009792        21       640         1         1    0.9974     0.867   0.03254  0.003833         0
   365/599     5.83G   0.02722  0.001864         0   0.02908        28       640         1         1    0.9975    0.8676   0.03244  0.003877         0
   366/599     5.83G  0.007755  0.001795         0   0.00955        23       640         1         1    0.9974     0.864   0.03152  0.003951         0
   367/599     5.83G  0.008194  0.001755         0  0.009949        24       640         1         1    0.9973    0.8678   0.03116  0.003965         0
   368/599     5.83G  0.007674  0.001795         0  0.009469        24       640         1         1    0.9973    0.8641   0.03096  0.003965         0
   369/599     5.83G  0.007447  0.001714         0  0.009161        16       640         1         1    0.9975    0.8638   0.03072  0.003967         0
   370/599     5.83G  0.006782   0.00153         0  0.008311        19       640         1         1    0.9977      0.86   0.03054  0.004004         0
   371/599     5.83G  0.007618  0.001722         0   0.00934        24       640         1         1    0.9977    0.8551   0.03058  0.003975         0
   372/599     5.83G  0.007934  0.001694         0  0.009629        25       640         1         1    0.9977    0.8512   0.03136  0.003877         0
   373/599     5.83G   0.01757  0.001648         0   0.01921        19       640         1         1    0.9977    0.8502   0.03181  0.003816         0
   374/599     5.83G  0.007577  0.001762         0  0.009339        27       640         1         1    0.9975    0.8433   0.03292  0.003671         0
   375/599     5.83G  0.007772  0.001774         0  0.009547        23       640         1         1    0.9974    0.8565   0.03293  0.003628         0
   376/599     5.83G  0.007515  0.001901         0  0.009416        28       640         1         1    0.9975    0.8604    0.0332  0.003607         0
   377/599     5.83G  0.007608  0.001735         0  0.009343        25       640         1         1    0.9976    0.8434    0.0326  0.003692         0
   378/599     5.83G  0.007914  0.001787         0  0.009701        21       640         1         1    0.9976    0.8641     0.032  0.003734         0
   379/599     5.83G  0.007567  0.001799         0  0.009366        28       640         1         1    0.9976    0.8681    0.0318  0.003736         0
   380/599     5.83G   0.00729  0.001732         0  0.009023        16       640         1         1    0.9976    0.8735   0.03085  0.003816         0
   381/599     5.83G   0.01755  0.001698         0   0.01925        22       640         1         1    0.9976    0.8897   0.03059  0.003843         0
   382/599     5.83G  0.007492  0.001691         0  0.009183        25       640         1         1    0.9977    0.8677   0.03034  0.003874         0
   383/599     5.83G   0.02209  0.001832         0   0.02392        23       640         1         1    0.9978    0.8724   0.03023  0.003893         0
   384/599     5.83G   0.01573  0.001553         0   0.01729        22       640         1         1    0.9976    0.8788   0.02994  0.003921         0
   385/599     5.83G   0.01711  0.001818         0   0.01893        27       640         1         1    0.9975    0.8835   0.02985  0.003901         0
   386/599     5.83G   0.01783   0.00169         0   0.01952        18       640         1         1    0.9974    0.8783   0.02971  0.003928         0
   387/599     5.83G  0.007874  0.001935         0  0.009809        23       640         1         1    0.9972    0.8669    0.0299  0.003917         0
   388/599     5.83G   0.01756  0.001884         0   0.01945        24       640         1         1    0.9973    0.8726   0.02937  0.003936         0
   389/599     5.83G  0.007837  0.001932         0  0.009768        24       640         1         1    0.9971    0.8628   0.02926  0.003926         0
   390/599     5.83G   0.02655  0.001799         0   0.02834        35       640         1         1     0.997    0.8701   0.02908  0.003889         0
   391/599     5.83G  0.008148  0.001789         0  0.009938        20       640         1         1    0.9973    0.8808   0.02871  0.003868         0
   392/599     5.83G  0.007651  0.001727         0  0.009379        24       640         1         1    0.9973    0.8837   0.02874  0.003781         0
   393/599     5.83G   0.01747  0.001807         0   0.01928        24       640         1         1    0.9973    0.8754   0.02888  0.003744         0
   394/599     5.83G   0.01706  0.001667         0   0.01872        22       640         1         1    0.9975    0.8728   0.02842  0.003755         0
   395/599     5.83G   0.01725  0.001625         0   0.01888        22       640         1         1    0.9976    0.8742   0.02828  0.003757         0
   396/599     5.83G  0.007085  0.001692         0  0.008777        19       640         1         1    0.9975    0.8731   0.02878  0.003723         0
   397/599     5.83G   0.01711  0.001682         0   0.01879        23       640         1         1    0.9974    0.8809   0.02885  0.003739         0
   398/599     5.83G   0.02676  0.001745         0    0.0285        25       640         1         1    0.9972     0.881   0.02864  0.003785         0
   399/599     5.83G   0.00761  0.001761         0  0.009372        27       640         1         1    0.9972    0.8929   0.02844  0.003806         0
   400/599     5.83G  0.007124  0.001586         0   0.00871        17       640         1         1    0.9973    0.8792   0.02841  0.003864         0
   401/599     5.83G   0.01684  0.001661         0    0.0185        15       640         1         1    0.9976    0.8655   0.02827  0.003895         0
   402/599     5.83G   0.00786  0.001611         0  0.009471        25       640         1         1    0.9974     0.871   0.02823  0.003907         0
   403/599     5.83G  0.008089  0.001569         0  0.009658        14       640         1         1    0.9975    0.8703   0.02831  0.003869         0
   404/599     5.83G   0.01734    0.0016         0   0.01895        24       640         1         1    0.9974    0.8721   0.02885  0.003806         0
   405/599     5.83G   0.02659  0.001671         0   0.02827        27       640         1         1    0.9975    0.8591   0.02903    0.0038         0
   406/599     5.83G   0.01665  0.001401         0   0.01805        18       640         1         1    0.9975    0.8681   0.02915  0.003762         0
   407/599     5.83G   0.00809   0.00195         0   0.01004        28       640         1         1    0.9976    0.8738   0.02887  0.003771         0
   408/599     5.83G  0.006961  0.001681         0  0.008642        26       640         1         1    0.9976    0.8671   0.02838  0.003872         0
   409/599     5.83G  0.007759  0.001686         0  0.009445        17       640         1         1    0.9977     0.869   0.02823  0.003907         0
   410/599     5.83G  0.007177  0.001571         0  0.008748        20       640         1         1    0.9976    0.8692   0.02796   0.00391         0
   411/599     5.83G   0.01718  0.001692         0   0.01887        23       640         1         1    0.9976     0.872   0.02797  0.003891         0
   412/599     5.83G  0.007578  0.001781         0  0.009359        20       640         1         1    0.9975    0.8711   0.02798  0.003895         0
   413/599     5.83G  0.007098  0.001715         0  0.008813        29       640         1         1    0.9974    0.8695   0.02784  0.003936         0
   414/599     5.83G  0.008209  0.001775         0  0.009984        29       640         1         1    0.9974    0.8712   0.02756  0.003991         0
   415/599     5.83G   0.01688  0.001491         0   0.01837        20       640         1         1    0.9975    0.8744   0.02762  0.004011         0
   416/599     5.83G  0.007757   0.00164         0  0.009397        18       640         1         1    0.9975    0.8759   0.02783  0.003968         0
   417/599     5.83G  0.007678   0.00165         0  0.009328        22       640         1         1    0.9975    0.8703   0.02785  0.003983         0
   418/599     5.83G  0.006889  0.001723         0  0.008612        18       640         1         1    0.9974    0.8744   0.02747  0.003977         0
   419/599     5.83G  0.007954  0.001559         0  0.009513        16       640         1         1    0.9974    0.8687   0.02742  0.003968         0
   420/599     5.83G  0.007411  0.001659         0   0.00907        18       640         1         1    0.9971    0.8781   0.02763  0.003949         0
   421/599     5.83G  0.006589  0.001516         0  0.008105        27       640         1         1    0.9969    0.8737   0.02792  0.003894         0
   422/599     5.83G  0.007171   0.00183         0  0.009001        26       640         1         1    0.9969    0.8745   0.02829  0.003856         0
   423/599     5.83G  0.007571  0.001553         0  0.009124        15       640         1         1     0.997    0.8834   0.02835  0.003854         0
   424/599     5.83G  0.007758  0.001693         0  0.009451        20       640         1         1    0.9971    0.8787   0.02823  0.003846         0
   425/599     5.83G   0.02667  0.001619         0   0.02829        20       640         1         1    0.9974    0.8771   0.02836  0.003824         0
   426/599     5.83G   0.01695  0.001623         0   0.01857        20       640         1         1    0.9975    0.8869   0.02892  0.003795         0
   427/599     5.83G   0.02647  0.001664         0   0.02814        21       640         1         1    0.9975    0.8793   0.02923  0.003783         0
   428/599     5.83G  0.007088  0.001735         0  0.008823        25       640         1         1    0.9977    0.8856   0.02894  0.003804         0
   429/599     5.83G  0.006943  0.001607         0   0.00855        23       640         1         1    0.9976    0.8851   0.02875  0.003816         0
   430/599     5.83G   0.01717  0.001398         0   0.01857        16       640         1         1    0.9976    0.8821   0.02896  0.003835         0
   431/599     5.83G   0.02622  0.001671         0   0.02789        24       640         1         1    0.9975    0.8879   0.02877  0.003835         0
   432/599     5.83G   0.00834  0.001662         0      0.01        16       640         1         1    0.9973    0.8782   0.02866  0.003815         0
   433/599     5.83G  0.006431  0.001638         0  0.008069        28       640         1         1    0.9973    0.8663   0.02836  0.003836         0
   434/599     5.83G    0.0263  0.001653         0   0.02795        20       640         1         1    0.9973    0.8827   0.02844  0.003771         0
   435/599     5.83G  0.006352  0.001498         0   0.00785        23       640         1         1    0.9972    0.8846   0.02833  0.003739         0
   436/599     5.83G   0.01631  0.001473         0   0.01778        17       640         1         1    0.9971    0.8864   0.02791  0.003754         0
   437/599     5.83G  0.007647  0.001652         0  0.009298        22       640         1         1    0.9971    0.8746   0.02768  0.003772         0
   438/599     5.83G   0.01659  0.001647         0   0.01824        26       640         1         1    0.9971    0.8811   0.02778  0.003774         0
   439/599     5.83G   0.01626  0.001631         0   0.01789        26       640         1         1    0.9971    0.8838   0.02759  0.003768         0
   440/599     5.83G  0.006961  0.001493         0  0.008455        29       640         1         1    0.9971    0.8756   0.02746  0.003772         0
   441/599     5.83G   0.01635   0.00158         0   0.01793        17       640         1         1    0.9973    0.8887   0.02758  0.003759         0
   442/599     5.83G   0.01602  0.001802         0   0.01782        22       640         1         1    0.9973    0.8748   0.02791  0.003764         0
   443/599     5.83G  0.007173   0.00176         0  0.008932        29       640         1         1    0.9971    0.8766   0.02769  0.003758         0
   444/599     5.83G    0.0169  0.001676         0   0.01858        25       640         1         1     0.997    0.8709   0.02784   0.00377         0
   445/599     5.83G  0.007285  0.001752         0  0.009038        21       640         1         1    0.9969    0.8659   0.02797  0.003766         0
   446/599     5.83G  0.007651  0.001657         0  0.009309        24       640         1         1    0.9969     0.883   0.02798  0.003795         0
   447/599     5.83G   0.01649  0.001547         0   0.01804        22       640         1         1    0.9968    0.8761   0.02797    0.0038         0
   448/599     5.83G  0.006456  0.001528         0  0.007984        24       640         1         1    0.9967    0.8842    0.0282  0.003811         0
   449/599     5.83G   0.01605  0.001486         0   0.01754        23       640         1         1    0.9966    0.8796   0.02819   0.00384         0
   450/599     5.83G   0.01603  0.001346         0   0.01738        23       640         1         1    0.9967    0.8738   0.02815   0.00389         0
   451/599     5.83G   0.00759  0.001851         0  0.009441        19       640         1         1    0.9968     0.878   0.02806   0.00388         0
   452/599     5.83G   0.01651  0.001804         0   0.01832        30       640         1         1     0.997    0.8745   0.02801  0.003894         0
   453/599     5.83G  0.006538  0.001636         0  0.008174        27       640         1         1    0.9971    0.8715   0.02781  0.003879         0
   454/599     5.83G   0.02635  0.001819         0   0.02817        25       640         1         1    0.9971    0.8797   0.02771  0.003857         0
   455/599     5.83G  0.006766  0.001407         0  0.008172        18       640         1         1    0.9969    0.8745   0.02766  0.003837         0
   456/599     5.83G  0.006275  0.001531         0  0.007806        18       640         1         1    0.9969     0.877   0.02755  0.003801         0
   457/599     5.83G  0.006997  0.001642         0  0.008639        20       640         1         1    0.9969    0.8827   0.02778    0.0038         0
   458/599     5.83G  0.007269  0.001569         0  0.008839        15       640         1         1    0.9968    0.8663   0.02782  0.003761         0
   459/599     5.83G  0.006124  0.001669         0  0.007794        31       640         1         1     0.997    0.8768   0.02775  0.003745         0
   460/599     5.83G  0.006413  0.001525         0  0.007937        25       640         1         1    0.9971    0.8786   0.02765  0.003735         0
   461/599     5.83G   0.01551  0.001558         0   0.01706        22       640         1         1     0.997    0.8742    0.0274  0.003741         0
   462/599     5.83G    0.0157  0.001523         0   0.01723        21       640         1         1    0.9972    0.8773   0.02733  0.003782         0
   463/599     5.83G     0.016  0.001786         0   0.01778        25       640         1         1    0.9973    0.8882   0.02729  0.003777         0
   464/599     5.83G  0.006675  0.001727         0  0.008402        19       640         1         1    0.9974    0.8744   0.02745  0.003773         0
   465/599     5.83G  0.006411  0.001621         0  0.008032        26       640         1         1    0.9975    0.8761   0.02737  0.003755         0
   466/599     5.83G  0.006935  0.001513         0  0.008447        27       640         1         1    0.9976    0.8792   0.02731  0.003746         0
   467/599     5.83G  0.007368  0.001584         0  0.008952        20       640         1         1    0.9976    0.8814   0.02758  0.003747         0
   468/599     5.83G   0.01556  0.001657         0   0.01721        30       640         1         1    0.9976    0.8806   0.02747   0.00375         0
   469/599     5.83G   0.01577   0.00164         0   0.01741        24       640         1         1    0.9976    0.8754   0.02748  0.003763         0
   470/599     5.83G   0.00659  0.001562         0  0.008153        24       640         1         1    0.9975    0.8811   0.02722  0.003784         0
   471/599     5.83G   0.02573  0.001567         0    0.0273        26       640         1         1    0.9975    0.8823   0.02706  0.003763         0
   472/599     5.83G  0.007274  0.001643         0  0.008917        22       640         1         1    0.9976    0.8743   0.02725  0.003728         0
   473/599     5.83G   0.01615  0.001452         0    0.0176        27       640         1         1    0.9975    0.8717   0.02724  0.003725         0
   474/599     5.83G  0.005848  0.001358         0  0.007206        15       640         1         1    0.9973    0.8698   0.02763  0.003674         0
   475/599     5.83G   0.01742  0.001499         0   0.01892        22       640         1         1    0.9971    0.8725    0.0276  0.003628         0
   476/599     5.83G  0.006411  0.001638         0   0.00805        27       640         1         1     0.997    0.8841   0.02795  0.003587         0
   477/599     5.83G   0.01602  0.001818         0   0.01784        39       640         1         1    0.9969    0.8733   0.02813  0.003579         0
   478/599     5.83G  0.006563  0.001474         0  0.008037        26       640         1         1    0.9968    0.8819   0.02862  0.003564         0
   479/599     5.83G   0.03548  0.001638         0   0.03712        27       640         1         1    0.9969    0.8888   0.02866  0.003558         0
   480/599     5.83G   0.01598  0.001629         0   0.01761        27       640         1         1     0.997    0.8819   0.02877  0.003577         0
   481/599     5.83G  0.006943  0.001668         0  0.008611        25       640         1         1    0.9971    0.8783   0.02868  0.003593         0
   482/599     5.83G   0.01606  0.001529         0   0.01759        28       640         1         1     0.997    0.8809   0.02855  0.003606         0
   483/599     5.83G  0.006538   0.00164         0  0.008178        18       640         1         1     0.997    0.8791   0.02848  0.003611         0
   484/599     5.83G   0.01616  0.001521         0   0.01768        28       640         1         1    0.9972    0.8819   0.02821  0.003633         0
   485/599     5.83G    0.0161  0.001474         0   0.01758        23       640         1         1    0.9973    0.8891   0.02787  0.003668         0
   486/599     5.83G  0.007181  0.001657         0  0.008838        20       640         1         1    0.9975    0.8778   0.02743  0.003709         0
   487/599     5.83G   0.01642  0.001394         0   0.01782        22       640         1         1    0.9976    0.8838   0.02727  0.003721         0
   488/599     5.83G   0.01624  0.001447         0   0.01769        19       640         1         1    0.9974    0.8847     0.027  0.003746         0
   489/599     5.83G  0.006436  0.001371         0  0.007807        14       640         1         1    0.9974     0.881   0.02676  0.003757         0
   490/599     5.83G   0.01608  0.001505         0   0.01758        18       640         1         1    0.9976    0.8794   0.02677   0.00377         0
   491/599     5.83G  0.007029  0.001826         0  0.008856        29       640         1         1    0.9973    0.8808   0.02693  0.003784         0
   492/599     5.83G   0.01611  0.001451         0   0.01756        23       640         1         1    0.9971    0.8748   0.02697  0.003812         0
   493/599     5.83G  0.006594  0.001614         0  0.008208        23       640         1         1    0.9971    0.8728    0.0272  0.003798         0
   494/599     5.83G   0.01595  0.001675         0   0.01763        30       640         1         1    0.9974    0.8713   0.02693  0.003795         0
   495/599     5.83G   0.02591   0.00162         0   0.02753        28       640         1         1    0.9973     0.877   0.02674  0.003788         0
   496/599     5.83G  0.006694  0.001442         0  0.008136        17       640         1         1    0.9975    0.8812   0.02656  0.003766         0
   497/599     5.83G  0.006507  0.001547         0  0.008054        24       640         1         1    0.9978      0.88    0.0265   0.00377         0
   498/599     5.83G  0.006152  0.001602         0  0.007754        28       640         1         1    0.9979    0.8815   0.02672  0.003763         0
   499/599     5.83G  0.006693  0.001548         0  0.008241        25       640         1         1    0.9979    0.8894    0.0267  0.003757         0
   500/599     5.83G  0.006472  0.001548         0   0.00802        22       640         1         1    0.9975    0.8919   0.02669  0.003765         0
   501/599     5.83G  0.006117  0.001592         0  0.007709        27       640         1         1    0.9974    0.8854   0.02691  0.003752         0
   502/599     5.83G   0.02599  0.001603         0   0.02759        25       640         1         1    0.9972    0.8845   0.02685   0.00376         0
   503/599     5.83G  0.006421  0.001465         0  0.007885        26       640         1         1    0.9971    0.8846   0.02664  0.003803         0
   504/599     5.83G  0.006265  0.001417         0  0.007682        17       640         1         1    0.9971    0.8838   0.02632  0.003835         0
   505/599     5.83G  0.006198  0.001599         0  0.007796        22       640         1         1    0.9971    0.8868   0.02628  0.003861         0
   506/599     5.83G  0.006441  0.001641         0  0.008082        25       640         1         1     0.997    0.8817   0.02613  0.003851         0
   507/599     5.83G  0.006603  0.001635         0  0.008238        23       640         1         1    0.9969    0.8841   0.02597  0.003822         0
   508/599     5.83G  0.006053  0.001675         0  0.007728        29       640         1         1    0.9969    0.8763   0.02624  0.003781         0
   509/599     5.83G   0.01621  0.001657         0   0.01787        26       640         1         1    0.9969    0.8797   0.02651  0.003761         0
   510/599     5.83G  0.007538  0.001693         0  0.009231        16       640         1         1    0.9969    0.8783   0.02623  0.003751         0
   511/599     5.83G  0.006471  0.001639         0  0.008109        21       640         1         1    0.9968    0.8798   0.02606  0.003749         0
   512/599     5.83G  0.006102  0.001497         0  0.007599        30       640         1         1    0.9969    0.8835   0.02614  0.003743         0
   513/599     5.83G  0.006353  0.001483         0  0.007835        17       640         1         1     0.997    0.8816   0.02627  0.003757         0
   514/599     5.83G   0.01575  0.001727         0   0.01748        31       640         1         1    0.9973    0.8855   0.02639   0.00378         0
   515/599     5.83G   0.01577  0.001618         0   0.01738        30       640         1         1    0.9973    0.8732    0.0264  0.003789         0
   516/599     5.83G   0.02587  0.001489         0   0.02736        19       640         1         1    0.9975    0.8737   0.02643  0.003823         0
   517/599     5.83G   0.01663   0.00148         0   0.01811        20       640         1         1    0.9975    0.8764   0.02635  0.003842         0
   518/599     5.83G  0.006371  0.001678         0  0.008049        29       640         1         1    0.9975    0.8776    0.0266   0.00383         0
   519/599     5.83G   0.01577  0.001646         0   0.01742        30       640         1         1    0.9975     0.868   0.02654  0.003832         0
   520/599     5.83G   0.01693  0.001673         0    0.0186        26       640         1         1    0.9974    0.8702   0.02669  0.003808         0
   521/599     5.83G   0.01613  0.001642         0   0.01777        24       640         1         1    0.9973    0.8765   0.02658  0.003789         0
   522/599     5.83G  0.006259  0.001721         0   0.00798        34       640         1         1    0.9972    0.8812   0.02649  0.003763         0
   523/599     5.83G  0.007484  0.001739         0  0.009223        30       640         1         1    0.9972    0.8861   0.02638  0.003768         0
   524/599     5.83G  0.006348  0.001515         0  0.007863        27       640         1         1    0.9972    0.8789   0.02634  0.003765         0
   525/599     5.83G  0.006243  0.001556         0  0.007798        23       640         1         1    0.9973    0.8912   0.02635  0.003756         0
   526/599     5.83G  0.007029  0.001577         0  0.008606        17       640         1         1    0.9975    0.8895   0.02651  0.003749         0
   527/599     5.83G  0.006471  0.001693         0  0.008164        27       640         1         1    0.9974    0.8767   0.02646  0.003758         0
   528/599     5.83G  0.006764  0.001482         0  0.008246        21       640         1         1    0.9974    0.8841   0.02642  0.003772         0
   529/599     5.83G  0.006266  0.001623         0  0.007889        18       640         1         1    0.9972    0.8836   0.02634  0.003775         0
   530/599     5.83G  0.006928  0.001623         0  0.008551        20       640         1         1     0.997    0.8909   0.02622  0.003797         0
   531/599     5.83G   0.01549  0.001529         0   0.01702        23       640         1         1     0.997    0.8846   0.02623  0.003803         0
   532/599     5.83G  0.005996  0.001338         0  0.007335        14       640         1         1    0.9969    0.8853   0.02613  0.003827         0
   533/599     5.83G  0.006226   0.00161         0  0.007836        23       640         1         1     0.997    0.8842   0.02619  0.003831         0
   534/599     5.83G   0.01591  0.001536         0   0.01745        24       640         1         1    0.9971    0.8864   0.02627  0.003835         0
   535/599     5.83G  0.006501  0.001537         0  0.008038        19       640         1         1    0.9972    0.8895   0.02631  0.003836         0
   536/599     5.83G  0.006461  0.001464         0  0.007925        23       640         1         1    0.9973    0.8871   0.02621  0.003849         0
   537/599     5.83G   0.01606  0.001521         0   0.01758        26       640         1         1    0.9976    0.8807   0.02624  0.003853         0
   538/599     5.83G  0.005919  0.001347         0  0.007265        16       640         1         1    0.9977    0.8803   0.02642  0.003836         0
   539/599     5.83G  0.006483  0.001439         0  0.007922        26       640         1         1    0.9975    0.8687   0.02653  0.003824         0
   540/599     5.83G   0.01576  0.001586         0   0.01734        24       640         1         1    0.9975    0.8834   0.02652  0.003825         0
   541/599     5.83G   0.01628  0.001511         0   0.01779        19       640         1         1    0.9974    0.8736   0.02646  0.003837         0
   542/599     5.83G  0.006469  0.001674         0  0.008143        33       640         1         1     0.997    0.8792   0.02659  0.003851         0
   543/599     5.83G  0.005841  0.001447         0  0.007289        21       640         1         1     0.997    0.8648   0.02676  0.003835         0
   544/599     5.83G   0.02566  0.001717         0   0.02738        30       640         1         1    0.9969    0.8695   0.02692  0.003813         0
   545/599     5.83G  0.006489  0.001572         0  0.008062        23       640         1         1    0.9969    0.8736   0.02686  0.003813         0
   546/599     5.83G    0.0159  0.001519         0   0.01742        21       640         1         1    0.9971    0.8714   0.02666  0.003823         0
   547/599     5.83G  0.006922   0.00154         0  0.008462        19       640         1         1    0.9973    0.8705   0.02649  0.003836         0
   548/599     5.83G  0.006219  0.001446         0  0.007665        18       640         1         1    0.9976    0.8781   0.02649  0.003846         0
   549/599     5.83G     0.016  0.001464         0   0.01747        18       640         1         1     0.998     0.878   0.02665  0.003832         0
   550/599     5.83G   0.01623  0.001356         0   0.01759        22       640         1         1     0.998    0.8783   0.02669  0.003828         0
   551/599     5.83G   0.00645  0.001645         0  0.008095        22       640         1         1    0.9981     0.876   0.02662  0.003836         0
   552/599     5.83G   0.02546  0.001678         0   0.02714        31       640         1         1    0.9982    0.8722   0.02651  0.003844         0
   553/599     5.83G  0.006439  0.001479         0  0.007919        20       640         1         1    0.9982    0.8738    0.0264  0.003831         0
   554/599     5.83G   0.01534   0.00139         0   0.01673        25       640         1         1    0.9981    0.8795    0.0265  0.003816         0
   555/599     5.83G  0.006705  0.001502         0  0.008207        20       640         1         1    0.9981    0.8899   0.02651  0.003784         0
   556/599     5.83G   0.00662  0.001615         0  0.008235        17       640         1         1     0.998    0.8815   0.02655   0.00375         0
   557/599     5.83G   0.01539  0.001444         0   0.01684        25       640         1         1    0.9981    0.8815   0.02658  0.003762         0
   558/599     5.83G  0.006809  0.001567         0  0.008376        19       640         1         1    0.9979    0.8727   0.02666  0.003767         0
   559/599     5.83G   0.01645  0.001546         0   0.01799        20       640         1         1    0.9979    0.8807   0.02657   0.00377         0
   560/599     5.83G  0.006646  0.001478         0  0.008124        26       640         1         1    0.9977    0.8817   0.02644  0.003799         0
   561/599     5.83G   0.01551  0.001461         0   0.01697        24       640         1         1    0.9975    0.8768    0.0264  0.003812         0
   562/599     5.83G  0.005751  0.001338         0   0.00709        15       640         1         1    0.9972    0.8751   0.02639   0.00384         0
   563/599     5.83G  0.006275  0.001338         0  0.007613        18       640         1         1     0.997    0.8748   0.02635  0.003848         0
   564/599     5.83G  0.005914  0.001618         0  0.007531        24       640         1         1    0.9969    0.8729    0.0264  0.003854         0
   565/599     5.83G   0.01557  0.001597         0   0.01717        28       640         1         1    0.9969    0.8713   0.02637  0.003844         0
   566/599     5.83G    0.0158  0.001732         0   0.01753        24       640         1         1    0.9971    0.8695   0.02642   0.00385         0
   567/599     5.83G  0.005625  0.001498         0  0.007123        24       640         1         1    0.9973    0.8717   0.02646  0.003849         0
   568/599     5.83G   0.02512  0.001697         0   0.02682        21       640         1         1    0.9974    0.8751   0.02631  0.003861         0
   569/599     5.83G  0.006554   0.00138         0  0.007934        21       640         1         1    0.9974    0.8798   0.02625  0.003854         0
   570/599     5.83G    0.0162   0.00159         0   0.01779        24       640         1         1    0.9976    0.8769   0.02628  0.003836         0
   571/599     5.83G  0.006131  0.001394         0  0.007525        21       640         1         1    0.9977    0.8793   0.02635  0.003817         0
   572/599     5.83G   0.01622  0.001532         0   0.01775        23       640         1         1    0.9979    0.8785   0.02632  0.003809         0
   573/599     5.83G   0.01581  0.001668         0   0.01748        30       640         1         1    0.9979     0.874   0.02628  0.003803         0
   574/599     5.83G   0.01567  0.001636         0    0.0173        31       640         1         1    0.9979    0.8746    0.0263    0.0038         0
   575/599     5.83G  0.006163  0.001573         0  0.007736        22       640         1         1    0.9977     0.866   0.02618  0.003811         0
   576/599     5.83G   0.02537  0.001546         0   0.02692        26       640         1         1    0.9974     0.868   0.02609  0.003799         0
   577/599     5.83G  0.005751  0.001341         0  0.007092        24       640         1         1    0.9974    0.8761   0.02605  0.003785         0
   578/599     5.83G   0.01575  0.001657         0   0.01741        22       640         1         1    0.9975    0.8734   0.02624  0.003772         0
   579/599     5.83G   0.01557  0.001396         0   0.01696        24       640         1         1    0.9976     0.875   0.02637  0.003753         0
   580/599     5.83G  0.006035  0.001458         0  0.007493        25       640         1         1    0.9977    0.8881   0.02642  0.003749         0
   581/599     5.83G   0.01527  0.001577         0   0.01685        24       640         1         1    0.9976    0.8888    0.0263  0.003756         0
   582/599     5.83G   0.02558  0.001534         0   0.02711        23       640         1         1    0.9976    0.8811   0.02626  0.003763         0
   583/599     5.83G  0.005502  0.001493         0  0.006995        31       640         1         1    0.9976    0.8725   0.02641  0.003766         0
   584/599     5.83G   0.01598  0.001546         0   0.01752        28       640         1         1    0.9976    0.8909   0.02654  0.003784         0
   585/599     5.83G   0.01546  0.001294         0   0.01675        20       640         1         1    0.9976    0.8797   0.02639  0.003807         0
   586/599     5.83G  0.007006   0.00171         0  0.008717        23       640         1         1    0.9975    0.8746   0.02617   0.00383         0
   587/599     5.83G   0.01597  0.001543         0   0.01752        27       640         1         1    0.9977    0.8784   0.02613  0.003837         0
   588/599     5.83G   0.01521   0.00136         0   0.01657        23       640         1         1    0.9979    0.8751   0.02628  0.003835         0
   589/599     5.83G   0.01508  0.001436         0   0.01651        23       640         1         1     0.998    0.8787   0.02635  0.003833         0
   590/599     5.83G  0.005589   0.00148         0  0.007068        27       640         1         1     0.998    0.8726   0.02638  0.003852         0
   591/599     5.83G   0.02508  0.001374         0   0.02645        20       640         1         1    0.9981    0.8753   0.02648  0.003865         0
   592/599     5.83G  0.006019   0.00151         0  0.007529        18       640         1         1    0.9982    0.8786   0.02646  0.003885         0
   593/599     5.83G  0.006111  0.001397         0  0.007508        21       640         1         1    0.9982    0.8871   0.02639  0.003882         0
   594/599     5.83G  0.006728  0.001502         0   0.00823        20       640         1         1    0.9981    0.8871   0.02633  0.003875         0
   595/599     5.83G   0.01553  0.001517         0   0.01705        20       640         1         1    0.9978    0.8836   0.02628  0.003875         0
   596/599     5.83G   0.00661  0.001462         0  0.008072        25       640         1         1    0.9975    0.8837   0.02619  0.003869         0
   597/599     5.83G  0.006112  0.001482         0  0.007594        27       640         1         1    0.9974    0.8857   0.02608   0.00386         0
   598/599     5.83G  0.006217  0.001489         0  0.007705        24       640         1         1    0.9972    0.8802     0.026  0.003852         0
   599/599     5.83G  0.005454  0.001334         0  0.006788        14       640         1         1    0.9971    0.8781   0.02594  0.003848         0
