     0/599     1.06G    0.0825    0.0183         0    0.1008        41       640   0.01682    0.1111  0.004535 0.0008988     0.115   0.01456         0
     1/599     4.98G   0.07522    0.0124         0   0.08762        33       640   0.01893    0.1358  0.006841  0.001086   0.08822   0.01073         0
     2/599      6.6G   0.07006  0.009153         0   0.07922        34       640   0.03509   0.08642   0.01458   0.00239   0.08663   0.00934         0
     3/599      6.6G    0.0672  0.007687         0   0.07488        28       640   0.04721    0.1481   0.02125  0.004104   0.09183  0.008489         0
     4/599      6.6G   0.06329  0.007165         0   0.07045        24       640   0.03508    0.1975   0.02283  0.005865   0.08244  0.008245         0
     5/599      6.6G   0.06243  0.006993         0   0.06943        26       640   0.09951   0.09877   0.04037  0.008007   0.07678  0.008208         0
     6/599      6.6G   0.05806   0.00673         0    0.0648        27       640     0.142    0.2099   0.07815    0.0231   0.07457  0.008512         0
     7/599      6.6G    0.0582  0.007028         0   0.06523        31       640    0.1652    0.3704    0.1301   0.05184   0.07372  0.008343         0
     8/599      6.6G   0.05924  0.006758         0   0.06599        29       640    0.2225    0.4074    0.1465   0.06456   0.09912  0.008132         0
     9/599      6.6G   0.05676  0.007103         0   0.06387        27       640    0.1728    0.2346      0.17   0.07696   0.06648  0.008799         0
    10/599      6.6G   0.05917  0.006947         0   0.06612        35       640    0.2036    0.4691    0.1984   0.07813   0.06301  0.008726         0
    11/599      6.6G   0.05599  0.007199         0   0.06318        43       640    0.1381    0.3951    0.1186   0.04721   0.06783  0.008245         0
    12/599      6.6G   0.05773  0.007032         0   0.06476        29       640     0.195    0.3827    0.1435   0.06089   0.09461  0.008083         0
    13/599      6.6G   0.04818  0.006599         0   0.05478        23       640    0.2688    0.4691    0.2188   0.08933   0.09154  0.008353         0
    14/599      6.6G    0.0448  0.006876         0   0.05168        32       640    0.4711    0.4198    0.4103    0.2114   0.08888  0.008176         0
    15/599      6.6G   0.04985  0.007037         0   0.05689        39       640    0.4878    0.5926     0.483     0.267   0.08771  0.007861         0
    16/599      6.6G   0.04266   0.00658         0   0.04924        32       640    0.4304    0.6543    0.4084    0.2133   0.08667  0.007769         0
    17/599      6.6G   0.04822  0.006686         0   0.05491        34       640    0.4561     0.642    0.4091    0.2311   0.08702  0.007295         0
    18/599      6.6G   0.04868  0.006204         0   0.05488        36       640    0.6997    0.4938    0.5798    0.3519   0.08716  0.007237         0
    19/599      6.6G    0.0422   0.00658         0   0.04878        41       640    0.4519    0.4198    0.3445    0.1739   0.07477  0.007767         0
    20/599      6.6G   0.04335  0.006207         0   0.04956        27       640    0.3372    0.2716    0.2322    0.1064   0.07296  0.008553         0
    21/599      6.6G   0.04822  0.006654         0   0.05487        31       640    0.4856    0.4662    0.4253    0.2137   0.06693  0.008059         0
    22/599      6.6G   0.03971  0.006106         0   0.04582        23       640    0.5123    0.5185    0.4955    0.2826   0.07718  0.007762         0
    23/599      6.6G   0.04263  0.006263         0   0.04889        42       640    0.5384    0.4938    0.5022     0.308   0.08029  0.008383         0
    24/599      6.6G    0.0383  0.006533         0   0.04483        29       640   0.01086    0.4691  0.008858  0.004404   0.06212   0.01992         0
    25/599      6.6G    0.0439  0.006529         0   0.05043        41       640   0.01203    0.5308  0.009019  0.004606   0.06734   0.01801         0
    26/599      6.6G   0.04112  0.006352         0   0.04747        29       640   0.00639    0.2593  0.002776  0.001275   0.06332   0.01503         0
    27/599      6.6G   0.05292  0.005989         0   0.05891        24       640   0.01736     0.284  0.009584  0.003355    0.0738   0.01156         0
    28/599      6.6G   0.03772  0.005998         0   0.04371        26       640   0.08871    0.1111   0.02564   0.01075    0.1006   0.00824         0
    29/599      6.6G   0.04799  0.006342         0   0.05433        36       640  0.003729    0.1975  0.001841 0.0003477    0.1021    0.0175         0
    30/599      6.6G   0.05105  0.006345         0    0.0574        34       640  0.002159    0.2593  0.001129  0.000255   0.07809   0.01982         0
    31/599      6.6G   0.04042  0.006363         0   0.04678        26       640   0.02011    0.2099   0.01042   0.00349   0.06846  0.009875         0
    32/599      6.6G   0.04502   0.00642         0   0.05144        26       640     0.215    0.2942    0.1719    0.0943   0.06471  0.007711         0
    33/599      6.6G    0.0527  0.006056         0   0.05876        27       640     0.274    0.5926    0.2769     0.156   0.06101  0.007524         0
    34/599      6.6G   0.03356  0.006174         0   0.03973        26       640    0.4659    0.5556    0.4626    0.2623   0.05628  0.007296         0
    35/599      6.6G   0.04816  0.005747         0   0.05391        28       640    0.4835    0.3086    0.3332    0.1992   0.06274   0.00785         0
    36/599      6.6G   0.04406  0.006468         0   0.05053        32       640    0.3071    0.1975    0.1367   0.07871    0.0675  0.007884         0
    37/599      6.6G   0.04841  0.005782         0   0.05419        20       640     0.125    0.1728   0.05628   0.02469    0.0718  0.008734         0
    38/599      6.6G   0.03782  0.006511         0   0.04433        33       640    0.2472    0.1852    0.1282   0.04939   0.06466  0.009269         0
    39/599      6.6G   0.04231  0.006285         0    0.0486        30       640    0.4449    0.2716    0.2802    0.1236   0.05861  0.008887         0
    40/599      6.6G   0.03924  0.006169         0   0.04541        32       640    0.5736    0.4318    0.4746    0.2682   0.05279  0.008534         0
    41/599      6.6G   0.04813   0.00619         0   0.05432        33       640    0.7668    0.4059    0.5324    0.3067   0.05084  0.008378         0
    42/599      6.6G   0.04848  0.006528         0   0.05501        31       640    0.6792    0.4198    0.4856    0.2445   0.05344  0.008464         0
    43/599      6.6G   0.03483  0.006184         0   0.04102        41       640    0.8709    0.3332    0.4879    0.3031   0.05215  0.008208         0
    44/599      6.6G   0.03379  0.006028         0   0.03982        24       640     0.471    0.5802    0.5419    0.3054   0.05266  0.007849         0
    45/599      6.6G   0.04898  0.005783         0   0.05476        32       640    0.6981    0.4568    0.5586     0.329    0.0524  0.007809         0
    46/599      6.6G   0.03181  0.006017         0   0.03783        32       640    0.8887    0.3942    0.5563    0.3358   0.05292  0.007519         0
    47/599      6.6G   0.02641  0.005733         0   0.03215        39       640    0.6487    0.4568    0.5451    0.3168   0.05226    0.0074         0
    48/599      6.6G   0.03172  0.005732         0   0.03745        29       640    0.5321     0.716    0.6522    0.4157   0.05163  0.007061         0
    49/599      6.6G   0.04181  0.005835         0   0.04764        30       640    0.5574    0.7774     0.677    0.3952   0.05095  0.007092         0
    50/599      6.6G   0.03921  0.005722         0   0.04493        26       640    0.5362    0.5424    0.5024    0.3032   0.05717  0.007534         0
    51/599      6.6G   0.03779  0.006058         0   0.04384        39       640    0.4793    0.6049    0.5418    0.3048   0.05643  0.007488         0
    52/599      6.6G   0.03815  0.005868         0   0.04402        28       640    0.5728    0.6296    0.6635    0.3965   0.05412  0.007293         0
    53/599      6.6G   0.04431  0.005742         0   0.05005        31       640    0.7559    0.5802    0.7433    0.4668   0.05289  0.006758         0
    54/599      6.6G   0.02862  0.005413         0   0.03403        31       640     0.545     0.716    0.6928    0.3415   0.05295   0.00673         0
    55/599      6.6G    0.0342  0.005631         0   0.03983        34       640    0.5921    0.6914    0.7431    0.4317   0.05238  0.006851         0
    56/599      6.6G   0.03236  0.005665         0   0.03802        32       640    0.6621    0.6775    0.7591    0.4578   0.04904  0.006829         0
    57/599      6.6G   0.03391  0.005605         0   0.03951        41       640    0.5602    0.7778    0.7024    0.4086   0.05041  0.006832         0
    58/599      6.6G   0.04134  0.005682         0   0.04702        34       640    0.6142    0.7273    0.7285     0.429   0.05083  0.006923         0
    59/599      6.6G   0.03699  0.005378         0   0.04237        34       640    0.9006    0.5679    0.7535    0.4763   0.05009  0.006906         0
    60/599      6.6G   0.03581  0.005646         0   0.04145        32       640    0.7151    0.6508    0.7294    0.3195   0.05323  0.006775         0
    61/599      6.6G   0.02275  0.005115         0   0.02786        26       640    0.7118    0.7654    0.8259    0.5053   0.05074  0.006642         0
    62/599      6.6G   0.02719  0.005178         0   0.03236        35       640    0.7875    0.7777    0.8556    0.4521   0.05137  0.006262         0
    63/599      6.6G   0.03185  0.005229         0   0.03708        32       640    0.9284     0.642     0.838    0.5309   0.04904  0.006506         0
    64/599      6.6G   0.02054   0.00496         0    0.0255        30       640    0.8524    0.6417    0.8117    0.5143   0.04808  0.006661         0
    65/599      6.6G   0.02554  0.005063         0    0.0306        30       640    0.7834    0.7144    0.8194    0.5168   0.04917  0.006385         0
    66/599      6.6G   0.04447  0.004559         0   0.04903        27       640      0.88    0.8144    0.8744    0.5987    0.0466  0.006487         0
    67/599      6.6G   0.03042  0.005004         0   0.03542        29       640    0.9373    0.7407    0.8886    0.5651   0.04749  0.006455         0
    68/599      6.6G   0.02596  0.004856         0   0.03081        27       640    0.8701    0.8271    0.8909    0.5979   0.04584  0.006424         0
    69/599      6.6G   0.02948  0.004469         0   0.03395        27       640    0.8731    0.7643    0.8672     0.566   0.04864  0.006247         0
    70/599      6.6G   0.03466  0.004727         0   0.03938        28       640    0.9643    0.6664    0.8459    0.5588   0.04696  0.006267         0
    71/599      6.6G   0.03081  0.004797         0    0.0356        26       640    0.8762    0.7037     0.837    0.5226   0.04733  0.006342         0
    72/599      6.6G   0.02407  0.004986         0   0.02906        33       640    0.8904    0.8023    0.8824     0.555   0.04699  0.006133         0
    73/599      6.6G    0.0376  0.004514         0   0.04211        29       640    0.9129    0.7778    0.8872    0.6102   0.04602  0.006138         0
    74/599      6.6G   0.02291  0.004682         0   0.02759        35       640    0.9054    0.8267    0.9033    0.6049   0.04565  0.006183         0
    75/599      6.6G   0.01774  0.004136         0   0.02188        40       640    0.8946    0.8395    0.9076    0.6297   0.04558  0.006015         0
    76/599      6.6G   0.03334  0.004421         0   0.03776        33       640    0.8666    0.8021    0.9021    0.6317   0.04583  0.005964         0
    77/599      6.6G   0.03288  0.004338         0   0.03722        25       640    0.8666    0.8025    0.9057    0.5851   0.04836  0.005743         0
    78/599      6.6G   0.02839  0.004383         0   0.03278        29       640    0.8917    0.7284    0.8802    0.6036   0.04564  0.006063         0
    79/599      6.6G   0.03264  0.004518         0   0.03715        34       640     0.858    0.8272    0.9063    0.6397   0.04579    0.0058         0
    80/599      6.6G   0.03797  0.004182         0   0.04215        32       640    0.8933    0.8269    0.9202    0.5712   0.04711  0.005817         0
    81/599      6.6G    0.0283  0.004256         0   0.03255        27       640       0.8    0.7899    0.8743    0.6226   0.04677  0.005853         0
    82/599      6.6G   0.03238  0.004373         0   0.03675        31       640     0.955    0.7901    0.9135    0.6365   0.04597  0.005723         0
    83/599     6.61G   0.03044  0.004241         0   0.03468        37       640    0.9066    0.8392    0.9241    0.6617   0.04573  0.005429         0
    84/599     6.61G   0.02628  0.003949         0   0.03023        32       640    0.8181    0.8881    0.9089    0.6208    0.0457  0.005549         0
    85/599     6.61G   0.02785  0.003798         0   0.03165        32       640     0.878    0.8889      0.93    0.6239   0.04726  0.005499         0
    86/599     6.61G   0.02392  0.003878         0    0.0278        32       640    0.9472    0.8889    0.9422    0.6246    0.0469  0.005612         0
    87/599     6.61G    0.0313   0.00403         0   0.03533        32       640     0.839     0.901    0.9311    0.6334   0.04862  0.005234         0
    88/599     6.61G   0.03094  0.003602         0   0.03454        30       640    0.9102    0.8762    0.9272    0.6795   0.04653  0.005116         0
    89/599     6.61G    0.0242   0.00372         0   0.02792        26       640    0.9249    0.7778    0.9095    0.6631   0.04692  0.005198         0
    90/599     6.61G   0.03117  0.003596         0   0.03476        35       640    0.8932    0.8272     0.929    0.6724     0.048  0.005278         0
    91/599     6.61G   0.03042  0.003965         0   0.03438        26       640    0.9024    0.9134    0.9499    0.6851   0.04738  0.004986         0
    92/599     6.61G   0.02638  0.003655         0   0.03004        36       640    0.8871    0.8765    0.9328    0.6662   0.04636  0.005546         0
    93/599     6.61G   0.03855   0.00362         0   0.04217        23       640    0.8294    0.9012    0.9287    0.6573   0.04497  0.005493         0
    94/599     6.61G   0.03148  0.003472         0   0.03496        29       640    0.9199    0.8642    0.9339    0.6384   0.04592   0.00547         0
    95/599     6.61G   0.02128  0.003873         0   0.02515        34       640    0.9583    0.8517    0.9335    0.6874    0.0451  0.005391         0
    96/599     6.61G   0.02547  0.003698         0   0.02917        33       640    0.9573    0.8395    0.9398    0.7176   0.04476  0.005269         0
    97/599     6.61G   0.02451  0.003184         0   0.02769        23       640    0.9036    0.9258    0.9599    0.6941    0.0457  0.005158         0
    98/599     6.61G   0.02666  0.003512         0   0.03017        25       640    0.9603    0.9012    0.9587    0.6936   0.04461   0.00538         0
    99/599     6.61G   0.02578  0.003509         0   0.02929        28       640    0.8735    0.9383     0.956    0.6782   0.04306  0.005675         0
   100/599     6.61G   0.02479  0.003282         0   0.02808        22       640    0.9596    0.8889    0.9623    0.7279   0.04193  0.005563         0
   101/599     6.61G   0.02524  0.003356         0    0.0286        31       640    0.9594    0.8763    0.9527    0.7092   0.04318  0.005482         0
   102/599     6.61G   0.02986  0.003201         0   0.03306        34       640    0.9588    0.8642    0.9524    0.7059   0.04281  0.005476         0
   103/599     6.61G   0.02952  0.003336         0   0.03286        29       640    0.9865    0.9012    0.9691    0.7235    0.0438  0.005261         0
   104/599     6.61G   0.03962  0.003415         0   0.04303        34       640     0.939    0.9506    0.9708    0.7374   0.04213  0.005332         0
   105/599     6.61G   0.02951  0.003459         0   0.03297        36       640     0.939    0.9504     0.972    0.7308   0.04164  0.005324         0
   106/599     6.61G   0.02028  0.003587         0   0.02386        33       640     0.962     0.938     0.977    0.7026   0.04225  0.005417         0
   107/599     6.61G    0.0238  0.003412         0   0.02721        27       640    0.9182    0.9753    0.9742    0.7132   0.04245  0.005417         0
   108/599     6.61G   0.02699  0.003269         0   0.03026        31       640    0.9186    0.9753    0.9767    0.7321   0.04174   0.00532         0
   109/599     6.61G   0.02378   0.00296         0   0.02674        41       640    0.8876    0.9753    0.9733    0.7353   0.04165  0.005294         0
   110/599     6.61G   0.01898  0.003114         0    0.0221        35       640    0.9744    0.9382    0.9715    0.7214   0.04214  0.005076         0
   111/599     6.61G   0.02358  0.003214         0   0.02679        29       640         1    0.9011    0.9751    0.7594   0.04113  0.005113         0
   112/599     6.61G   0.04817  0.002794         0   0.05097        31       640     0.962    0.9379    0.9767    0.7661   0.04069  0.005201         0
   113/599     6.61G   0.02758  0.003032         0   0.03062        34       640    0.8974     0.864    0.9232    0.7028   0.04122  0.005703         0
   114/599     6.61G    0.0247   0.00312         0   0.02782        27       640    0.9155    0.9383    0.9675    0.7655   0.04037  0.005569         0
   115/599     6.61G   0.01418  0.003195         0   0.01738        37       640    0.9505    0.9506    0.9717    0.7406   0.04051  0.005682         0
   116/599     6.61G   0.01891  0.003127         0   0.02204        34       640    0.9865    0.9012    0.9637     0.747   0.04031  0.005667         0
   117/599     6.61G   0.02783  0.003217         0   0.03105        36       640    0.9375    0.9259    0.9652    0.7757   0.03975  0.005466         0
   118/599     6.61G   0.01314  0.002743         0   0.01589        31       640     0.986    0.8765    0.9599    0.7631   0.03931  0.005648         0
   119/599     6.61G   0.03768  0.002845         0   0.04052        25       640    0.9485    0.9136    0.9605    0.7544   0.03902  0.005573         0
   120/599     6.61G   0.01858   0.00296         0   0.02154        34       640    0.9036    0.9259    0.9539    0.7422   0.04121  0.005309         0
   121/599     6.61G   0.02843  0.002959         0   0.03139        25       640    0.8941    0.9377    0.9618    0.7567   0.04203   0.00509         0
   122/599     6.61G   0.02208  0.002667         0   0.02475        29       640    0.9133    0.9136     0.962    0.7704   0.04249   0.00496         0
   123/599     6.61G   0.01626   0.00287         0   0.01913        28       640    0.9157    0.9381    0.9668    0.7659    0.0431  0.004696         0
   124/599     6.61G    0.0222  0.002872         0   0.02507        24       640    0.9716    0.8642    0.9668    0.7568   0.04357  0.004594         0
   125/599     6.61G   0.02263  0.002931         0   0.02557        27       640      0.95    0.9382    0.9671     0.756   0.04444  0.004506         0
   126/599     6.61G   0.02252  0.002849         0   0.02537        36       640    0.9872    0.9504    0.9715    0.7631   0.04473  0.004427         0
   127/599     6.61G   0.02616  0.002875         0   0.02903        23       640    0.9286    0.9629    0.9721    0.7702   0.04315  0.004617         0
   128/599     6.61G   0.01682  0.002778         0   0.01959        36       640    0.9489    0.9259    0.9666    0.7609   0.04336  0.004839         0
   129/599     6.61G    0.0176  0.002771         0   0.02037        25       640    0.9866    0.9136    0.9682    0.7643   0.04151  0.004867         0
   130/599     6.61G   0.02214  0.002863         0     0.025        35       640    0.9868    0.9259    0.9684    0.7756   0.04144  0.004888         0
   131/599     6.61G   0.02639  0.002981         0   0.02937        36       640     0.974    0.9258    0.9626     0.741   0.04252  0.004871         0
   132/599     6.61G   0.01367  0.002789         0   0.01646        31       640     0.987    0.9383    0.9706    0.7621   0.04249  0.004822         0
   133/599     6.61G   0.02097  0.002756         0   0.02373        29       640    0.9733    0.9136    0.9694    0.7782    0.0421  0.004612         0
   134/599     6.61G    0.0173  0.002584         0   0.01988        31       640    0.9867    0.9129    0.9745    0.7792   0.04262   0.00461         0
   135/599     6.61G    0.0263  0.002749         0   0.02905        29       640    0.9865     0.901    0.9724    0.7717   0.04239  0.004652         0
   136/599     6.61G   0.02129  0.002687         0   0.02397        31       640    0.9506    0.9506    0.9782    0.7846   0.04209  0.004639         0
   137/599     6.61G   0.02179   0.00259         0   0.02438        30       640    0.9863    0.8889    0.9702    0.7637   0.04294   0.00481         0
   138/599     6.61G   0.02624  0.002648         0   0.02889        22       640    0.9744     0.938    0.9775    0.7897   0.04312  0.004482         0
   139/599     6.61G   0.02125  0.002681         0   0.02393        22       640         1    0.9009    0.9778    0.8029   0.04265  0.004429         0
   140/599     6.61G   0.02277  0.002574         0   0.02534        33       640    0.9744    0.9382    0.9709    0.7822   0.04282  0.004491         0
   141/599     6.61G    0.0216  0.002662         0   0.02426        32       640    0.9998    0.9383    0.9747    0.7923   0.04269  0.004392         0
   142/599     6.61G   0.02183  0.002686         0   0.02452        31       640         1    0.9383    0.9776    0.8117   0.04168  0.004423         0
   143/599     6.61G   0.01649  0.002684         0   0.01918        29       640    0.9871    0.9506    0.9771    0.7944   0.04126  0.004506         0
   144/599     6.61G   0.03588  0.002615         0    0.0385        25       640     0.987    0.9381    0.9713    0.7744   0.04129  0.004588         0
   145/599     6.61G   0.01722  0.002633         0   0.01986        28       640    0.9747    0.9505    0.9712    0.7723    0.0414  0.004692         0
   146/599     6.61G   0.02153  0.002551         0   0.02408        32       640    0.9999    0.9136      0.98    0.8007   0.04037  0.004667         0
   147/599     6.61G   0.03009   0.00257         0   0.03266        23       640     0.987    0.9381    0.9814    0.8168   0.03931  0.004673         0
   148/599     6.61G    0.0221  0.002586         0   0.02468        26       640    0.9751    0.9753    0.9835     0.796   0.03989  0.004793         0
   149/599     6.61G    0.0257  0.002586         0   0.02829        35       640     0.975    0.9628    0.9833    0.8062   0.04036  0.004738         0
   150/599     6.61G   0.02045  0.002624         0   0.02308        25       640         1    0.9132     0.979    0.7928   0.04059  0.004674         0
   151/599     6.61G   0.01653  0.002649         0   0.01918        26       640         1    0.9012    0.9661    0.7622   0.04091  0.005018         0
   152/599     6.61G   0.03625  0.002805         0   0.03905        36       640    0.9999    0.9012    0.9614    0.7718   0.03981  0.005065         0
   153/599     6.61G   0.02977  0.002756         0   0.03252        33       640     0.987    0.9382    0.9792     0.796   0.03894   0.00481         0
   154/599     6.61G   0.01128  0.002557         0   0.01383        32       640    0.9618    0.9383    0.9744    0.7813   0.03898  0.004849         0
   155/599     6.61G   0.02642  0.002791         0   0.02921        35       640    0.9999    0.9259    0.9764    0.7905   0.03788  0.004959         0
   156/599     6.61G   0.03458  0.002645         0   0.03723        34       640         1    0.9506    0.9828    0.7953   0.03787  0.004819         0
   157/599     6.61G   0.03058  0.002641         0   0.03322        28       640    0.9747    0.9505    0.9813    0.8081   0.03896  0.004626         0
   158/599     6.61G   0.02088   0.00258         0   0.02346        37       640    0.9999    0.9506    0.9791    0.7919   0.03941   0.00469         0
   159/599     6.61G   0.01051  0.002511         0   0.01302        34       640    0.9612    0.9259    0.9671    0.7846   0.03909  0.004886         0
   160/599     6.61G   0.02093  0.002673         0    0.0236        30       640         1    0.9136    0.9684    0.7919   0.03806  0.005028         0
   161/599     6.61G   0.01596   0.00256         0   0.01852        38       640    0.9999    0.9136     0.972    0.7862   0.03734  0.005151         0
   162/599     6.61G   0.01505  0.002547         0    0.0176        27       640     0.987    0.9382    0.9793    0.8051   0.03769  0.004918         0
   163/599     6.61G   0.01658   0.00252         0   0.01909        35       640    0.9868    0.9383    0.9769    0.8017   0.03793   0.00484         0
   164/599     6.61G    0.0206  0.002647         0   0.02325        33       640     0.987    0.9381    0.9779    0.7923   0.03825  0.004832         0
   165/599     6.61G   0.02103  0.002671         0    0.0237        36       640    0.9872    0.9506    0.9779    0.8028   0.03827  0.004698         0
   166/599     6.61G   0.02075   0.00242         0   0.02317        30       640    0.9872    0.9505    0.9816      0.81   0.03931  0.004722         0
   167/599     6.61G   0.02072  0.002507         0   0.02323        27       640    0.9603    0.9012    0.9573    0.7872   0.03989  0.004908         0
   168/599     6.61G   0.02995  0.002555         0   0.03251        31       640     0.963    0.9628    0.9828    0.8092   0.03874  0.004706         0
   169/599     6.61G   0.02034    0.0025         0   0.02284        35       640     0.974    0.9259     0.978     0.805   0.03883   0.00488         0
   170/599     6.61G   0.01612  0.002594         0   0.01871        30       640    0.9753    0.9753    0.9847     0.815     0.039  0.004618         0
   171/599     6.61G   0.02529  0.002459         0   0.02775        33       640    0.9748     0.963    0.9837    0.8003   0.03973  0.004519         0
   172/599     6.61G   0.01054  0.002498         0   0.01304        34       640     0.962    0.9382    0.9827    0.8155   0.03983  0.004647         0
   173/599     6.61G   0.02042  0.002285         0   0.02271        29       640    0.9872    0.9506    0.9739    0.7744   0.04004  0.004689         0
   174/599     6.61G   0.03428  0.002318         0   0.03659        28       640    0.9752    0.9753    0.9865    0.7828    0.0394  0.004643         0
   175/599     6.61G   0.03016   0.00247         0   0.03263        30       640    0.9875    0.9753    0.9899    0.7846   0.03891  0.004627         0
   176/599     6.61G   0.02531  0.002576         0   0.02788        32       640         1    0.9753    0.9878    0.7901     0.038  0.004699         0
   177/599     6.61G   0.01959  0.002229         0   0.02182        32       640         1     0.963    0.9824    0.7923   0.03723  0.004778         0
   178/599     6.61G   0.01977  0.002347         0   0.02211        32       640         1    0.9504    0.9862    0.8106   0.03718  0.004837         0
   179/599     6.61G   0.01534  0.002612         0   0.01795        29       640     0.987    0.9506    0.9821    0.8182   0.03627  0.004807         0
   180/599     6.61G   0.02556  0.002639         0    0.0282        31       640    0.9871    0.9506    0.9838    0.8162   0.03581    0.0048         0
   181/599     6.61G   0.01502  0.002392         0   0.01741        19       640     0.975     0.963    0.9812      0.82   0.03567  0.004945         0
   182/599     6.61G   0.01534  0.002434         0   0.01777        23       640    0.9626     0.963    0.9833    0.8202   0.03613  0.004933         0
   183/599     6.61G   0.03369    0.0025         0   0.03619        33       640     0.975    0.9629    0.9886    0.8115   0.03624  0.004914         0
   184/599     6.61G   0.01503  0.002492         0   0.01752        39       640         1    0.9506    0.9862    0.8117   0.03552   0.00495         0
   185/599     6.61G   0.01864  0.002512         0   0.02115        33       640         1    0.9504     0.982    0.8171   0.03533   0.00503         0
   186/599     6.61G   0.03939  0.002334         0   0.04172        27       640     0.987    0.9506    0.9838    0.8213   0.03565  0.004979         0
   187/599     6.61G   0.02534  0.002336         0   0.02768        31       640     0.963    0.9629    0.9816    0.8159   0.03623  0.004833         0
   188/599     6.61G     0.015  0.002377         0   0.01737        31       640    0.9506    0.9506    0.9735    0.7949   0.03643  0.004771         0
   189/599     6.61G    0.0195  0.002213         0   0.02171        25       640    0.9405    0.9753    0.9781    0.7902   0.03685  0.004728         0
   190/599     6.61G   0.02928  0.002456         0   0.03174        33       640    0.9983    0.9383    0.9822    0.8035   0.03775  0.004601         0
   191/599     6.61G  0.009711  0.002426         0   0.01214        30       640     0.987     0.938    0.9849    0.8057   0.03839  0.004525         0
   192/599     6.61G     0.025  0.002387         0   0.02739        35       640    0.9872    0.9506    0.9823    0.8123   0.03852   0.00466         0
   193/599     6.61G      0.02   0.00232         0   0.02232        30       640     0.975    0.9628    0.9842    0.8162   0.03791  0.004586         0
   194/599     6.61G   0.02484  0.002373         0   0.02721        33       640     0.975    0.9629    0.9824    0.8022   0.03723  0.004638         0
   195/599     6.61G   0.02017  0.002608         0   0.02277        46       640     0.987    0.9383    0.9702    0.7886   0.03697  0.004781         0
   196/599     6.61G   0.03323  0.002165         0    0.0354        25       640         1    0.9383    0.9762    0.7948   0.03631  0.004894         0
   197/599     6.61G   0.01035  0.002483         0   0.01283        33       640    0.9999    0.9383    0.9788     0.799   0.03584  0.004883         0
   198/599     6.61G   0.02922   0.00257         0   0.03179        36       640    0.9871    0.9506    0.9819    0.8164   0.03587  0.004959         0
   199/599     6.61G   0.02543  0.002422         0   0.02785        39       640    0.9872     0.963    0.9839    0.8263   0.03549   0.00492         0
   200/599     6.61G   0.01947  0.002402         0   0.02187        32       640    0.9747    0.9506    0.9805    0.8142   0.03506  0.004997         0
   201/599     6.61G   0.02913  0.002695         0   0.03183        38       640     0.987    0.9383     0.986    0.8136   0.03508  0.004896         0
   202/599     6.61G   0.02466  0.002554         0   0.02721        29       640    0.9871    0.9506     0.988    0.8197   0.03478  0.004803         0
   203/599     6.61G   0.01454  0.002268         0   0.01681        22       640    0.9753    0.9752    0.9829    0.8018   0.03531  0.004867         0
   204/599     6.61G    0.0335  0.002265         0   0.03577        25       640    0.9747     0.963    0.9803    0.8047   0.03506  0.004827         0
   205/599     6.61G   0.02978  0.002441         0   0.03222        30       640    0.9872    0.9506    0.9816    0.7903   0.03494  0.005085         0
   206/599     6.61G    0.0149  0.002443         0   0.01734        32       640         1    0.9259    0.9836    0.7964   0.03472  0.005084         0
   207/599     6.61G   0.02448  0.002446         0   0.02693        36       640    0.9871    0.9506    0.9868     0.817   0.03473  0.005002         0
   208/599     6.61G     0.024  0.002402         0    0.0264        30       640    0.9634    0.9753    0.9844    0.8104   0.03477  0.004763         0
   209/599     6.61G   0.02419  0.002468         0   0.02666        29       640    0.9999     0.963    0.9846     0.816   0.03445  0.004861         0
   210/599     6.61G   0.02829   0.00245         0   0.03074        40       640    0.9749     0.963    0.9825    0.8103   0.03448  0.005067         0
   211/599     6.61G   0.02366  0.002295         0   0.02596        28       640    0.9873    0.9629    0.9821    0.8292    0.0337  0.004939         0
   212/599     6.61G   0.02385  0.002355         0    0.0262        38       640    0.9747    0.9506    0.9777    0.8391   0.03365  0.004849         0
   213/599     6.61G   0.02797   0.00211         0   0.03008        27       640     0.975     0.963    0.9857    0.8437   0.03327  0.004812         0
   214/599     6.61G   0.02049  0.002385         0   0.02288        24       640    0.9634    0.9753    0.9874    0.8246   0.03371  0.004779         0
   215/599     6.61G   0.02396  0.002427         0   0.02639        37       640    0.9748     0.963    0.9884    0.8193   0.03354  0.004901         0
   216/599     6.61G   0.02832  0.002152         0   0.03047        26       640    0.9628     0.963    0.9816    0.8259     0.034  0.004854         0
   217/599     6.61G   0.01367   0.00231         0   0.01598        36       640         1    0.9506    0.9771    0.8165   0.03429  0.004673         0
   218/599     6.61G   0.01405  0.002229         0   0.01628        31       640    0.9875    0.9753    0.9822    0.8419   0.03354  0.004719         0
   219/599     6.61G   0.01426  0.002262         0   0.01652        27       640    0.9873    0.9627    0.9841    0.8212   0.03282  0.004957         0
   220/599     6.61G   0.03413  0.002421         0   0.03655        38       640    0.9753    0.9753    0.9851    0.8295   0.03275  0.004882         0
   221/599     6.61G   0.01932  0.002254         0   0.02157        24       640    0.9999    0.9506    0.9882    0.8357    0.0329  0.004868         0
   222/599     6.61G   0.02375  0.002225         0   0.02597        25       640         1    0.9629    0.9941    0.8377   0.03229  0.004904         0
   223/599     6.61G    0.0186  0.002307         0   0.02091        30       640         1    0.9629    0.9856    0.8388   0.03224   0.00492         0
   224/599     6.61G    0.0143  0.002198         0   0.01649        30       640         1     0.963    0.9847    0.8392   0.03331  0.004729         0
   225/599     6.61G   0.03293  0.002448         0   0.03538        28       640     0.975     0.963    0.9857    0.8377   0.03339  0.004705         0
   226/599     6.61G   0.01837  0.002188         0   0.02056        24       640     0.975    0.9629    0.9824    0.8351    0.0325  0.004786         0
   227/599     6.61G    0.0277   0.00223         0   0.02993        27       640         1    0.9629    0.9843    0.8287   0.03292  0.004752         0
   228/599     6.61G   0.01831  0.002114         0   0.02043        25       640     0.975     0.963    0.9838    0.8247   0.03252  0.004811         0
   229/599     6.61G   0.02386  0.002234         0   0.02609        22       640    0.9999    0.9259     0.983    0.8233   0.03289  0.004924         0
   230/599     6.61G   0.01863  0.002346         0   0.02097        33       640         1    0.9382    0.9831    0.8254   0.03381  0.004807         0
   231/599     6.61G   0.02811  0.002376         0   0.03049        24       640         1    0.9627    0.9839    0.8361   0.03281  0.004819         0
   232/599     6.61G     0.023  0.002277         0   0.02528        30       640     0.974    0.9259    0.9779    0.8177   0.03271  0.005124         0
   233/599     6.61G   0.01766  0.002338         0      0.02        37       640    0.9634     0.975    0.9829    0.8318   0.03282  0.004854         0
   234/599     6.61G   0.01328  0.002122         0    0.0154        34       640    0.9638    0.9877    0.9857    0.8342   0.03362  0.004726         0
   235/599     6.61G   0.02385  0.002404         0   0.02625        22       640    0.9874    0.9753    0.9864    0.8429   0.03265   0.00472         0
   236/599     6.61G   0.02362  0.002123         0   0.02574        32       640    0.9874    0.9753    0.9855    0.8433   0.03253  0.004702         0
   237/599     6.61G   0.01854  0.002205         0   0.02074        28       640    0.9753    0.9752    0.9842    0.8423   0.03264  0.004734         0
   238/599     6.61G   0.01403  0.002182         0   0.01621        25       640    0.9999    0.9506    0.9825    0.8411   0.03266  0.004679         0
   239/599     6.61G   0.01445    0.0022         0   0.01665        29       640    0.9634    0.9753    0.9843    0.8307    0.0335  0.004595         0
   240/599     6.61G   0.03245  0.002177         0   0.03463        28       640    0.9638    0.9877    0.9853    0.8441   0.03327  0.004539         0
   241/599     6.61G   0.02747  0.002201         0   0.02967        28       640         1    0.9506    0.9826    0.8286   0.03333  0.004583         0
   242/599     6.61G   0.03314  0.002091         0   0.03523        27       640         1     0.963    0.9809    0.8276   0.03255  0.004596         0
   243/599     6.61G   0.01292  0.002275         0   0.01519        32       640    0.9873    0.9629    0.9812    0.8381    0.0327  0.004593         0
   244/599     6.61G   0.01902  0.002363         0   0.02138        25       640    0.9999     0.963    0.9837     0.853   0.03362  0.004533         0
   245/599     6.61G   0.02745  0.002111         0   0.02956        31       640         1     0.963     0.985    0.8392    0.0338   0.00459         0
   246/599     6.61G   0.02346  0.002181         0   0.02564        31       640    0.9753    0.9753    0.9839    0.8421   0.03394  0.004548         0
   247/599     6.61G   0.01377  0.002286         0   0.01606        32       640    0.9746    0.9506    0.9815    0.8391   0.03364  0.004616         0
   248/599     6.61G   0.02297  0.002235         0   0.02521        32       640    0.9753    0.9753    0.9813    0.8325   0.03308  0.004559         0
   249/599     6.61G   0.02893  0.002486         0   0.03141        45       640    0.9875    0.9753    0.9863    0.8451   0.03289   0.00439         0
   250/599     6.61G  0.009554  0.002295         0   0.01185        28       640    0.9639    0.9876    0.9842    0.8448   0.03239  0.004544         0
   251/599     6.61G   0.01879  0.002267         0   0.02106        33       640    0.9638    0.9875    0.9825    0.8557   0.03206  0.004691         0
   252/599     6.61G   0.01823  0.002074         0    0.0203        33       640    0.9756    0.9877    0.9903    0.8425   0.03209  0.004684         0
   253/599     6.61G   0.01747  0.001964         0   0.01943        29       640    0.9638    0.9877    0.9912    0.8372   0.03267  0.004666         0
   254/599     6.61G   0.01835  0.002057         0    0.0204        20       640    0.9639    0.9877    0.9828    0.8402   0.03219  0.004836         0
   255/599     6.61G   0.03715  0.002173         0   0.03933        27       640    0.9524    0.9877    0.9826    0.8358   0.03285  0.004868         0
   256/599     6.61G   0.01417  0.002165         0   0.01633        38       640    0.9524    0.9876    0.9909    0.8407   0.03265  0.004855         0
   257/599     6.61G   0.02303  0.002238         0   0.02527        31       640         1    0.9753    0.9863    0.8411   0.03369  0.004621         0
   258/599     6.61G   0.01353  0.001987         0   0.01551        29       640    0.9875    0.9877    0.9867    0.8431   0.03449  0.004634         0
   259/599     6.61G    0.0181  0.002234         0   0.02034        33       640    0.9639    0.9877    0.9931    0.8452   0.03494  0.004494         0
   260/599     6.61G   0.01835  0.002105         0   0.02046        24       640    0.9875    0.9753    0.9936     0.852   0.03377  0.004483         0
   261/599     6.61G    0.0174  0.002107         0    0.0195        27       640    0.9999    0.9753    0.9862    0.8505   0.03313  0.004605         0
   262/599     6.61G   0.02281  0.002112         0   0.02492        25       640         1     0.963     0.987     0.839   0.03287  0.004824         0
   263/599     6.61G  0.008928  0.002193         0   0.01112        30       640    0.9999     0.963    0.9923    0.8409    0.0325  0.004931         0
   264/599     6.61G   0.02229  0.001977         0   0.02427        26       640         1    0.9629    0.9931    0.8268    0.0326  0.004863         0
   265/599     6.61G   0.02385  0.002056         0    0.0259        24       640         1    0.9753    0.9954    0.8309   0.03244  0.004742         0
   266/599     6.61G   0.01771  0.002076         0   0.01978        32       640         1    0.9753    0.9952    0.8477   0.03234   0.00479         0
   267/599     6.61G    0.0185  0.002264         0   0.02077        24       640     0.975    0.9629    0.9926    0.8491   0.03336  0.004794         0
   268/599     6.61G    0.0379  0.002111         0   0.04001        26       640    0.9877    0.9875    0.9932    0.8409   0.03311  0.004731         0
   269/599     6.61G    0.0234  0.002084         0   0.02548        36       640         1    0.9876    0.9957     0.843     0.033   0.00453         0
   270/599     6.61G    0.0134  0.002218         0   0.01562        33       640    0.9754    0.9877    0.9953     0.848    0.0329  0.004539         0
   271/599     6.61G   0.02345  0.002024         0   0.02547        29       640    0.9872    0.9506     0.992    0.8396   0.03243  0.004828         0
   272/599     6.61G   0.01346  0.001992         0   0.01546        30       640    0.9999    0.9506    0.9828    0.8355   0.03189  0.004942         0
   273/599     6.61G   0.02249   0.00212         0   0.02461        39       640    0.9999     0.963    0.9933    0.8543   0.03141  0.004826         0
   274/599     6.61G   0.02717    0.0021         0   0.02927        29       640    0.9873     0.963    0.9933    0.8548   0.03139  0.004763         0
   275/599     6.61G   0.01754  0.001873         0   0.01941        33       640    0.9873     0.963     0.993    0.8487   0.03173  0.004747         0
   276/599     6.61G    0.0179   0.00209         0   0.01999        38       640         1     0.963    0.9943    0.8599   0.03177  0.004723         0
   277/599     6.61G   0.02829   0.00213         0   0.03042        32       640    0.9875    0.9753    0.9945    0.8541   0.03201  0.004747         0
   278/599     6.61G  0.008434  0.002068         0    0.0105        29       640         1    0.9753    0.9947    0.8502   0.03169   0.00481         0
   279/599     6.61G   0.01735  0.001954         0   0.01931        21       640         1    0.9753    0.9953    0.8293   0.03199  0.004847         0
   280/599     6.61G   0.01948  0.002049         0   0.02153        40       640    0.9873     0.963    0.9845    0.8436   0.03163  0.004857         0
   281/599     6.61G   0.01781  0.002083         0    0.0199        34       640    0.9998    0.9506    0.9844    0.8453   0.03097  0.004797         0
   282/599     6.61G     0.013   0.00175         0   0.01475        28       640         1    0.9876    0.9957    0.8323   0.03164  0.004711         0
   283/599     6.61G   0.01339  0.002023         0   0.01541        26       640         1    0.9753     0.995    0.8385   0.03171  0.004862         0
   284/599     6.61G   0.01346   0.00224         0   0.01571        33       640         1    0.9506    0.9848    0.8423   0.03079   0.00484         0
   285/599     6.61G  0.008004  0.001948         0  0.009952        33       640    0.9753    0.9753    0.9909    0.8374    0.0323  0.004625         0
   286/599     6.61G   0.01727  0.002086         0   0.01935        35       640    0.9872    0.9506    0.9907    0.8426   0.03376  0.004493         0
   287/599     6.61G   0.01292  0.002034         0   0.01495        33       640    0.9875    0.9753    0.9849    0.8525   0.03459  0.004372         0
   288/599     6.61G   0.02286  0.002137         0     0.025        32       640    0.9873     0.963     0.993    0.8506   0.03422  0.004383         0
   289/599     6.61G   0.02222  0.001883         0    0.0241        33       640    0.9999    0.9506    0.9838    0.8444   0.03306  0.004552         0
   290/599     6.61G   0.02257  0.001997         0   0.02457        28       640    0.9998    0.9506    0.9856     0.836   0.03156  0.004717         0
   291/599     6.61G   0.02748  0.002199         0   0.02968        21       640    0.9523    0.9877    0.9857    0.8407   0.03171  0.004726         0
   292/599     6.61G   0.02757  0.001973         0   0.02955        29       640    0.9639    0.9876    0.9854     0.845   0.03121   0.00466         0
   293/599     6.61G   0.01741  0.001873         0   0.01929        28       640    0.9746    0.9877    0.9855    0.8521   0.03173  0.004548         0
   294/599     6.61G   0.01286  0.001923         0   0.01478        45       640    0.9877    0.9876    0.9843    0.8688   0.03176   0.00448         0
   295/599     6.61G   0.02695  0.001999         0   0.02895        29       640    0.9875    0.9753    0.9839    0.8504   0.03128  0.004527         0
   296/599     6.61G    0.0129  0.001949         0   0.01485        29       640    0.9874    0.9753    0.9831    0.8524    0.0311  0.004595         0
   297/599     6.61G   0.02692  0.001903         0   0.02882        31       640    0.9756    0.9857    0.9835    0.8478   0.03198  0.004645         0
   298/599     6.61G   0.03182  0.001954         0   0.03378        32       640    0.9753    0.9753     0.985    0.8541   0.03161  0.004748         0
   299/599     6.61G  0.007904   0.00185         0  0.009754        25       640    0.9753    0.9753     0.984    0.8603   0.03087  0.004772         0
   300/599     6.61G   0.01226   0.00192         0   0.01418        29       640    0.9874    0.9753    0.9832    0.8528   0.03097  0.004679         0
   301/599     6.61G   0.02212  0.001989         0    0.0241        29       640         1     0.963    0.9819    0.8548   0.03097   0.00466         0
   302/599     6.61G   0.01777  0.002045         0   0.01982        28       640         1    0.9383    0.9776    0.8464   0.03102  0.004754         0
   303/599     6.61G   0.02248  0.002006         0   0.02449        29       640     0.975    0.9628    0.9797    0.8552   0.03111  0.004734         0
   304/599     6.61G    0.0221  0.001886         0   0.02398        28       640    0.9753    0.9753    0.9851    0.8553   0.03141  0.004668         0
   305/599     6.61G   0.02261  0.002063         0   0.02468        34       640    0.9756    0.9876    0.9857    0.8613   0.03151  0.004668         0
   306/599     6.61G   0.03579  0.002019         0   0.03781        37       640    0.9871    0.9506    0.9845    0.8573   0.03119  0.004785         0
   307/599     6.61G   0.03647  0.002015         0   0.03849        31       640    0.9873    0.9629    0.9822    0.8472   0.03202  0.004853         0
   308/599     6.61G   0.02706  0.001904         0   0.02897        31       640    0.9873     0.963    0.9818    0.8397    0.0328  0.004903         0
   309/599     6.61G  0.007654  0.001968         0  0.009621        27       640     0.975    0.9629    0.9803    0.8477   0.03264  0.004966         0
   310/599     6.61G  0.007535  0.001951         0  0.009486        33       640     0.975     0.963    0.9844    0.8491   0.03138  0.004866         0
   311/599     6.61G   0.01734  0.002154         0    0.0195        40       640    0.9639    0.9876    0.9855     0.851   0.03069  0.004853         0
   312/599     6.61G   0.02675  0.001978         0   0.02873        31       640    0.9876    0.9877    0.9872    0.8551   0.03078  0.004852         0
   313/599     6.61G   0.01673  0.002046         0   0.01878        30       640    0.9875    0.9753    0.9862      0.85   0.03061  0.004881         0
   314/599     6.61G   0.02651  0.001868         0   0.02838        28       640    0.9875    0.9753    0.9847    0.8436   0.03066  0.004878         0
   315/599     6.61G   0.02571  0.001762         0   0.02747        27       640    0.9873     0.963    0.9848    0.8369   0.03043  0.004795         0
   316/599     6.61G   0.01196  0.001863         0   0.01382        31       640         1     0.963    0.9927    0.8412   0.03153  0.004723         0
   317/599     6.61G   0.01293  0.001852         0   0.01478        23       640    0.9749     0.963    0.9818    0.8394   0.03153  0.004739         0
   318/599     6.61G   0.02185  0.002041         0   0.02389        29       640    0.9873     0.963    0.9851    0.8395   0.03032   0.00478         0
   319/599     6.61G   0.02167  0.001851         0   0.02352        25       640    0.9995    0.9506    0.9933    0.8472   0.03007  0.004833         0
   320/599     6.61G   0.01671   0.00201         0   0.01872        29       640    0.9999    0.9506    0.9901    0.8471   0.03036  0.004847         0
   321/599     6.61G   0.02645  0.001946         0   0.02839        27       640    0.9999    0.9506    0.9855    0.8613    0.0301  0.004761         0
   322/599     6.61G   0.02125   0.00201         0   0.02326        24       640         1    0.9506    0.9866    0.8609   0.02965  0.004673         0
   323/599     6.61G   0.01256  0.001923         0   0.01448        24       640         1    0.9506    0.9861    0.8598   0.02995  0.004681         0
   324/599     6.61G   0.01228  0.002024         0    0.0143        37       640    0.9873    0.9628    0.9853    0.8562   0.03061  0.004599         0
   325/599     6.61G   0.01189  0.001882         0   0.01377        26       640         1    0.9753    0.9867    0.8607   0.03049  0.004619         0
   326/599     6.61G   0.01721   0.00197         0   0.01918        22       640    0.9877    0.9877     0.987    0.8522   0.03024  0.004783         0
   327/599     6.61G   0.02219  0.001961         0   0.02415        23       640    0.9875    0.9752    0.9862    0.8523   0.03043  0.004813         0
   328/599     6.61G   0.01696  0.001818         0   0.01878        35       640    0.9875    0.9753    0.9862    0.8367   0.03053  0.004762         0
   329/599     6.61G   0.01644  0.001985         0   0.01843        34       640    0.9753    0.9753    0.9856    0.8501   0.03009   0.00477         0
   330/599     6.61G   0.02157  0.002101         0   0.02367        33       640    0.9753    0.9753    0.9859    0.8461   0.03013  0.004746         0
   331/599     6.61G   0.01694  0.001849         0   0.01879        25       640    0.9877    0.9876    0.9866    0.8446   0.03058  0.004688         0
   332/599     6.61G   0.01176  0.001894         0   0.01365        34       640         1    0.9877    0.9869    0.8563   0.03078  0.004644         0
   333/599     6.61G    0.0173  0.002035         0   0.01934        32       640         1    0.9877    0.9871    0.8556   0.03004  0.004773         0
   334/599     6.61G   0.01202  0.001831         0   0.01385        29       640         1    0.9877    0.9872    0.8544   0.03024  0.004817         0
   335/599     6.61G   0.01657  0.001713         0   0.01829        29       640         1    0.9753     0.987    0.8465   0.03015  0.004899         0
   336/599     6.61G   0.02682  0.001865         0   0.02868        33       640    0.9875    0.9753    0.9856    0.8604   0.02985  0.004938         0
   337/599     6.61G    0.0112  0.001729         0   0.01293        41       640    0.9874    0.9753    0.9856    0.8612   0.03001  0.004893         0
   338/599     6.61G    0.0118  0.001852         0   0.01365        22       640         1     0.963    0.9865    0.8591   0.02968  0.004881         0
   339/599     6.61G   0.01193  0.002004         0   0.01393        27       640    0.9756    0.9876    0.9869     0.865   0.02998   0.00492         0
   340/599     6.61G   0.02154  0.001901         0   0.02344        32       640    0.9756    0.9876    0.9952    0.8618   0.03023  0.004899         0
   341/599     6.61G   0.02685  0.002189         0   0.02904        43       640    0.9877    0.9877     0.996    0.8653   0.02975  0.004883         0
   342/599     6.61G   0.02142  0.001858         0   0.02328        35       640         1    0.9877    0.9967    0.8659   0.02986  0.004918         0
   343/599     6.61G    0.0209  0.002037         0   0.02294        39       640         1    0.9876    0.9968    0.8646   0.02999  0.004843         0
   344/599     6.61G    0.0169  0.001854         0   0.01876        21       640    0.9759         1     0.996    0.8674   0.03001  0.004698         0
   345/599     6.61G   0.02167  0.001811         0   0.02348        33       640         1    0.9999    0.9966    0.8613   0.02981  0.004623         0
   346/599     6.61G   0.01711  0.001913         0   0.01902        39       640    0.9756    0.9876    0.9872     0.841   0.03036  0.004657         0
   347/599     6.61G   0.01734  0.001895         0   0.01924        33       640    0.9999     0.963    0.9869    0.8469   0.03059  0.004788         0
   348/599     6.61G   0.02137  0.001772         0   0.02314        30       640         1    0.9753    0.9872    0.8575   0.02992  0.004827         0
   349/599     6.61G    0.0221  0.001935         0   0.02404        38       640         1    0.9753    0.9873    0.8591    0.0299  0.004865         0
   350/599     6.61G   0.01157  0.001712         0   0.01329        33       640    0.9999    0.9753    0.9875    0.8665   0.02995  0.004894         0
   351/599     6.61G   0.01189   0.00183         0   0.01372        35       640    0.9875    0.9877     0.988    0.8641   0.03053  0.004779         0
   352/599     6.61G   0.02556  0.001776         0   0.02733        31       640         1    0.9753    0.9877    0.8625   0.02974   0.00472         0
   353/599     6.61G   0.01168  0.001838         0   0.01352        26       640         1    0.9753    0.9866     0.867   0.03029  0.004654         0
   354/599     6.61G   0.01642  0.001792         0   0.01822        27       640    0.9875    0.9753    0.9868     0.862   0.03045  0.004606         0
   355/599     6.61G   0.01174   0.00174         0   0.01348        38       640    0.9873     0.963    0.9932    0.8601   0.02991  0.004692         0
   356/599     6.61G   0.02605  0.001685         0   0.02773        43       640     0.975    0.9629    0.9932    0.8651   0.03033  0.004692         0
   357/599     6.61G   0.02182  0.001767         0   0.02359        26       640    0.9875    0.9752    0.9871    0.8721      0.03  0.004726         0
   358/599     6.61G   0.01199  0.001839         0   0.01383        36       640    0.9875    0.9753    0.9868     0.866   0.02973  0.004745         0
   359/599     6.61G   0.01185  0.001689         0   0.01354        22       640    0.9753    0.9753    0.9864    0.8645    0.0296  0.004697         0
   360/599     6.61G    0.0212  0.001892         0   0.02309        30       640         1     0.963    0.9864     0.866   0.02955  0.004746         0
   361/599     6.61G   0.01629   0.00184         0   0.01813        34       640    0.9873     0.963    0.9917    0.8642   0.02945  0.004787         0
   362/599     6.61G   0.01587  0.001792         0   0.01766        35       640    0.9873     0.963     0.985    0.8684    0.0294  0.004804         0
   363/599     6.61G   0.01124  0.001675         0   0.01292        36       640    0.9873     0.963    0.9852    0.8603   0.02957  0.004786         0
   364/599     6.61G   0.01577   0.00184         0   0.01761        30       640    0.9639    0.9875    0.9876    0.8714   0.02979  0.004716         0
   365/599     6.61G   0.01605  0.001776         0   0.01783        28       640         1    0.9753     0.988    0.8667   0.02977  0.004705         0
   366/599     6.61G   0.02145   0.00181         0   0.02326        38       640         1    0.9753    0.9919    0.8689   0.02935  0.004818         0
   367/599     6.61G   0.02093  0.001817         0   0.02275        33       640    0.9999    0.9753    0.9871    0.8628   0.02976  0.004894         0
   368/599     6.61G   0.01629  0.001831         0   0.01812        36       640    0.9518    0.9753    0.9854    0.8604   0.02962  0.005052         0
   369/599     6.61G   0.01186  0.001897         0   0.01376        27       640         1    0.9382     0.984     0.843   0.02981  0.005095         0
   370/599     6.61G   0.01617  0.001831         0     0.018        32       640    0.9999     0.963     0.985    0.8499    0.0296  0.004949         0
   371/599     6.61G   0.02146  0.001764         0   0.02322        43       640    0.9875    0.9753    0.9876    0.8575   0.02954  0.004747         0
   372/599     6.61G   0.02081  0.001715         0   0.02253        26       640         1    0.9753    0.9875    0.8601   0.02955  0.004704         0
   373/599     6.61G   0.02142  0.001899         0   0.02331        42       640    0.9875    0.9753    0.9868    0.8554   0.02942  0.004759         0
   374/599     6.61G   0.02588  0.001908         0   0.02779        28       640         1    0.9876    0.9962     0.867   0.02923  0.004745         0
   375/599     6.61G   0.02472  0.001825         0   0.02655        36       640         1    0.9877     0.996    0.8743    0.0292  0.004736         0
   376/599     6.61G   0.02117  0.001774         0   0.02295        34       640         1    0.9877    0.9878    0.8653   0.02943  0.004779         0
   377/599     6.61G   0.02547   0.00202         0   0.02749        31       640         1    0.9877    0.9911     0.869   0.02925  0.004814         0
   378/599     6.61G   0.01696   0.00178         0   0.01874        24       640    0.9876    0.9877    0.9941    0.8707   0.02904  0.004802         0
   379/599     6.61G   0.02207  0.001851         0   0.02392        37       640    0.9875    0.9751    0.9871    0.8666   0.02917  0.004815         0
   380/599     6.61G   0.02086  0.001766         0   0.02263        25       640    0.9875    0.9753    0.9867    0.8631    0.0294  0.004785         0
   381/599     6.61G   0.01152    0.0018         0   0.01332        35       640    0.9875    0.9753    0.9861    0.8603   0.02921  0.004799         0
   382/599     6.61G   0.02533  0.001754         0   0.02708        20       640    0.9875    0.9753     0.986    0.8634   0.02907  0.004802         0
   383/599     6.61G   0.01642  0.001727         0   0.01815        26       640    0.9875    0.9753    0.9843    0.8626   0.02904  0.004839         0
   384/599     6.61G   0.01879  0.001717         0    0.0205        34       640         1    0.9506    0.9782    0.8507    0.0291  0.005026         0
   385/599     6.61G   0.01605  0.001798         0   0.01784        31       640         1    0.9506    0.9649    0.8478   0.02963  0.005105         0
   386/599     6.61G   0.01902  0.001779         0    0.0208        33       640         1     0.963    0.9915    0.8703   0.03141  0.004916         0
   387/599     6.61G   0.02589  0.001762         0   0.02765        33       640    0.9873     0.963    0.9906     0.867   0.03205  0.005001         0
   388/599     6.61G   0.03093  0.001875         0   0.03281        27       640    0.9756    0.9877    0.9918    0.8569   0.03108  0.004927         0
   389/599     6.61G   0.02697  0.002021         0     0.029        18       640     0.975    0.9629    0.9812    0.8339   0.03753  0.004997         0
   390/599     6.61G    0.0261  0.002675         0   0.02878        27       640    0.9736    0.9136    0.9415    0.7271   0.05907  0.005644         0
   391/599     6.61G   0.03271  0.004701         0   0.03741        22       640    0.7536    0.4568     0.517     0.334   0.05602   0.01041         0
   392/599     6.61G   0.03545  0.006354         0    0.0418        31       640   0.09165    0.1358    0.0182  0.009954   0.07072   0.01854         0
   393/599     6.61G   0.03406  0.005764         0   0.03983        36       640  0.006029    0.2099  0.001619 0.0005145   0.08294    0.0254         0
   394/599     6.61G   0.03469  0.005239         0   0.03993        34       640   0.07317   0.03704    0.0113  0.005019   0.09359     0.013         0
   395/599     6.61G   0.02846  0.005107         0   0.03357        21       640     0.404    0.1852     0.147   0.05606   0.08461   0.01196         0
   396/599     6.61G   0.02632  0.004615         0   0.03093        30       640    0.4381    0.4074    0.3222    0.1744   0.06987   0.01001         0
   397/599     6.61G   0.02995    0.0045         0   0.03445        29       640    0.5365    0.5432    0.4922     0.305   0.05654  0.008794         0
   398/599     6.61G   0.02989  0.004298         0   0.03419        34       640    0.6847    0.5679     0.604    0.4128   0.05057  0.008214         0
   399/599     6.61G   0.03073  0.004218         0   0.03494        30       640    0.7174     0.752    0.7664    0.5496    0.0419    0.0071         0
   400/599     6.61G    0.0157  0.004183         0   0.01988        38       640    0.8732    0.7653    0.8864    0.6495   0.03828  0.006521         0
   401/599     6.61G   0.03355  0.004034         0   0.03758        31       640    0.8554    0.8764    0.9119    0.6667   0.03724  0.006327         0
   402/599     6.61G   0.03359  0.003915         0   0.03751        31       640    0.8846    0.8519    0.9262    0.7048   0.03657  0.006017         0
   403/599     6.61G   0.01798  0.003526         0    0.0215        29       640    0.9444    0.8391    0.9234    0.7032   0.03729  0.006076         0
   404/599     6.61G   0.02303  0.003893         0   0.02692        37       640    0.9459    0.8637    0.9421    0.7427   0.03791  0.005734         0
   405/599     6.61G     0.034  0.003778         0   0.03778        21       640     0.955    0.8148    0.9411     0.723   0.03877  0.005794         0
   406/599     6.61G   0.03354  0.003479         0   0.03701        33       640    0.9056    0.9506    0.9565    0.7671   0.03748  0.005718         0
   407/599     6.61G   0.02275  0.003368         0   0.02612        34       640    0.8971    0.8642    0.9152    0.6739   0.04553    0.0061         0
   408/599     6.61G   0.02784  0.003536         0   0.03138        34       640         1    0.6785    0.8261    0.6057   0.04845  0.006813         0
   409/599     6.61G   0.02244  0.003497         0   0.02593        33       640    0.9841    0.7654     0.899    0.6919   0.04779  0.006158         0
   410/599     6.61G   0.01742  0.003381         0    0.0208        24       640    0.9239    0.9012    0.9377    0.7386    0.0463  0.005694         0
   411/599     6.61G   0.01717  0.003156         0   0.02032        31       640    0.9479    0.9012    0.9574     0.753   0.04492  0.005509         0
   412/599     6.61G   0.02211  0.003143         0   0.02525        31       640     0.935    0.8884     0.956     0.757   0.04356  0.005386         0
   413/599     6.61G   0.02696  0.002946         0   0.02991        33       640      0.96    0.8887    0.9609    0.7445   0.04365  0.005375         0
   414/599     6.61G   0.02572  0.002938         0   0.02865        26       640     0.974    0.9257    0.9694    0.7424   0.04327  0.005392         0
   415/599     6.61G   0.02118  0.003101         0   0.02429        37       640    0.9493    0.9506    0.9731    0.7601   0.04315   0.00527         0
   416/599     6.61G    0.0252  0.002979         0   0.02818        24       640    0.9495    0.9383    0.9724    0.7767   0.04177  0.005247         0
   417/599     6.61G   0.02672  0.003179         0    0.0299        34       640         1    0.9012    0.9666     0.765   0.04074  0.005414         0
   418/599     6.61G   0.01752   0.00315         0   0.02067        24       640    0.9859    0.8765    0.9583    0.7423    0.0379  0.005833         0
   419/599     6.61G   0.01162  0.002794         0   0.01441        29       640     0.925    0.9136    0.9535    0.7302   0.03678  0.006166         0
   420/599     6.61G   0.02661  0.003092         0    0.0297        42       640    0.9725    0.8765    0.9566    0.7392   0.04352  0.006032         0
   421/599     6.61G   0.01165  0.003208         0   0.01486        31       640    0.9367    0.9127    0.9614    0.7775   0.04137  0.005853         0
   422/599     6.61G   0.01691  0.003019         0   0.01993        40       640     0.974    0.9259    0.9684    0.7753   0.03685  0.005575         0
   423/599     6.61G   0.02554  0.002889         0   0.02843        26       640    0.9625    0.9506    0.9739    0.7863   0.03441  0.005597         0
   424/599     6.61G   0.02083  0.002962         0   0.02379        30       640     0.975     0.963    0.9749     0.778   0.03582  0.005608         0
   425/599     6.61G   0.01602  0.002985         0     0.019        36       640    0.9626     0.963    0.9756    0.7826   0.03566  0.005482         0
   426/599     6.61G   0.02018  0.002837         0   0.02302        34       640    0.9512    0.9629    0.9782    0.7851   0.03493  0.005376         0
   427/599     6.61G   0.01568  0.002767         0   0.01845        34       640    0.9872    0.9506    0.9823    0.7878   0.03449  0.005245         0
   428/599     6.61G   0.02927  0.002675         0   0.03194        34       640    0.9405    0.9753    0.9804    0.7714   0.03468  0.005301         0
   429/599     6.61G   0.01991  0.002811         0   0.02272        38       640    0.9396     0.963    0.9766    0.7557   0.03519  0.005409         0
   430/599     6.61G   0.01534  0.002616         0   0.01796        27       640    0.9497    0.9383    0.9736    0.7659   0.03498  0.005439         0
   431/599     6.61G   0.02027  0.002421         0   0.02269        27       640    0.9868    0.9256    0.9729    0.7742   0.03465  0.005407         0
   432/599     6.61G   0.02074  0.002691         0   0.02343        33       640    0.9739    0.9259    0.9746    0.7755    0.0346  0.005345         0
   433/599     6.61G   0.01945  0.002674         0   0.02212        29       640    0.9867    0.9259    0.9754     0.775   0.03447  0.005324         0
   434/599     6.61G    0.0159  0.002767         0   0.01866        39       640    0.9506    0.9506    0.9754    0.7702   0.03491  0.005332         0
   435/599     6.61G   0.01052  0.002475         0     0.013        31       640    0.9743    0.9383    0.9729    0.7675   0.03539  0.005303         0
   436/599     6.61G   0.01407  0.002442         0   0.01651        28       640    0.9867    0.9259    0.9782    0.7658   0.03568  0.005332         0
   437/599     6.61G  0.009207   0.00248         0   0.01169        35       640    0.9742    0.9383     0.979    0.7755   0.03553  0.005305         0
   438/599     6.61G   0.01986  0.002471         0   0.02233        39       640         1    0.9379    0.9816     0.779   0.03636  0.005187         0
   439/599     6.61G   0.01439  0.002454         0   0.01685        26       640    0.9872    0.9506    0.9821    0.7759    0.0373   0.00509         0
   440/599     6.61G   0.01927  0.002743         0   0.02202        35       640    0.9746    0.9506    0.9813    0.7839   0.03736  0.005025         0
   441/599     6.61G   0.01516  0.002579         0   0.01774        36       640         1    0.9502    0.9786    0.7839    0.0376  0.005086         0
   442/599     6.61G   0.02806  0.002802         0   0.03086        25       640    0.8927    0.9259    0.9574    0.7302   0.04271  0.005656         0
   443/599     6.61G    0.0265   0.00318         0   0.02968        34       640    0.9447    0.8519    0.9226    0.7135   0.05179  0.006053         0
   444/599     6.61G   0.01698  0.003106         0   0.02008        33       640    0.9451    0.8519    0.9282    0.7118   0.05188  0.006111         0
   445/599     6.61G   0.02729  0.002891         0   0.03018        30       640    0.9135    0.9136    0.9494    0.7332   0.05013  0.006033         0
   446/599     6.61G   0.01691  0.002929         0   0.01984        40       640    0.9124    0.9012    0.9576    0.7366   0.04868  0.005883         0
   447/599     6.61G   0.01603  0.002768         0    0.0188        29       640    0.8888    0.8889    0.9543     0.745   0.04242  0.005847         0
   448/599     6.61G   0.02601  0.002866         0   0.02888        35       640     0.862    0.9259    0.9563    0.7667   0.03889   0.00583         0
   449/599     6.61G   0.01534  0.002717         0   0.01805        33       640    0.9157    0.9381    0.9696    0.7659   0.03701  0.005689         0
   450/599     6.61G   0.01529  0.002911         0    0.0182        40       640    0.9499    0.9383    0.9756    0.7794   0.03472  0.005561         0
   451/599     6.61G   0.02222  0.002903         0   0.02512        29       640    0.9511     0.963    0.9815    0.7799   0.03531  0.005434         0
   452/599     6.61G   0.03028  0.003029         0   0.03331        30       640    0.9405    0.9752    0.9808    0.7782   0.03508  0.005327         0
   453/599     6.61G    0.0204  0.002782         0   0.02319        25       640    0.9398     0.963    0.9797    0.7917   0.03534  0.005308         0
   454/599     6.61G   0.02529  0.002724         0   0.02801        30       640    0.9624    0.9506    0.9767    0.7901   0.03551  0.005378         0
   455/599     6.61G   0.01105  0.003054         0    0.0141        34       640    0.9864    0.9136    0.9807    0.7923   0.03516  0.005381         0
   456/599     6.61G    0.0225  0.002686         0   0.02519        28       640    0.9865    0.9136    0.9818     0.798   0.03436  0.005327         0
   457/599     6.61G   0.02926  0.002616         0   0.03187        26       640     0.974    0.9257    0.9738    0.8075   0.03391  0.005288         0
   458/599     6.61G   0.02472  0.002661         0   0.02738        30       640    0.9175     0.963     0.972    0.7917   0.03455  0.005358         0
   459/599     6.61G   0.01513  0.002664         0   0.01779        30       640    0.9167    0.9505    0.9723    0.7983   0.03444  0.005318         0
   460/599     6.61G   0.02529  0.002634         0   0.02792        29       640    0.9506    0.9502    0.9755    0.7864   0.03468  0.005282         0
   461/599     6.61G   0.02073  0.002859         0   0.02359        29       640     0.961    0.9134     0.973    0.7859   0.03471  0.005292         0
   462/599     6.61G   0.01557  0.002764         0   0.01834        24       640    0.9383     0.938    0.9727    0.8039   0.03441   0.00528         0
   463/599     6.61G    0.0228  0.002449         0   0.02525        41       640    0.9613    0.9259    0.9725    0.8003   0.03387   0.00537         0
   464/599     6.61G   0.02445  0.002558         0   0.02701        30       640    0.9479    0.9012    0.9611    0.7864   0.03536   0.00562         0
   465/599     6.61G   0.01474  0.002813         0   0.01756        33       640     0.972    0.8765    0.9606    0.7856   0.03692  0.005678         0
   466/599     6.61G   0.01045  0.002539         0   0.01299        26       640    0.9732    0.9136      0.97     0.781   0.03451  0.005665         0
   467/599     6.61G   0.02953  0.002597         0   0.03213        29       640     0.973    0.8884    0.9691    0.7773   0.03434  0.005644         0
   468/599     6.61G   0.01096  0.002611         0   0.01357        25       640     0.986    0.8765    0.9662    0.7709   0.03462  0.005546         0
   469/599     6.61G   0.03156  0.002332         0   0.03389        36       640    0.9857    0.8765    0.9628    0.7812    0.0346  0.005437         0
   470/599     6.61G   0.02861  0.002509         0   0.03112        25       640    0.9859    0.8641     0.961    0.7854   0.03399  0.005295         0
   471/599     6.61G   0.03019  0.002679         0   0.03287        26       640     0.974    0.9259    0.9671    0.7931   0.03366  0.005159         0
   472/599     6.61G   0.02426  0.002534         0    0.0268        39       640     0.987     0.938    0.9758     0.795    0.0329   0.00512         0
   473/599     6.61G    0.0288  0.002556         0   0.03136        36       640    0.9869    0.9383    0.9771    0.7955   0.03264   0.00519         0
   474/599     6.61G    0.0196  0.002585         0   0.02218        26       640     0.987    0.9379     0.977    0.8017   0.03267  0.005265         0
   475/599     6.61G   0.03255  0.002342         0   0.03489        28       640     0.962    0.9381    0.9761    0.7713   0.03244  0.005323         0
   476/599     6.61G   0.01509  0.002482         0   0.01757        32       640    0.9741    0.9383     0.978     0.786    0.0323  0.005393         0
   477/599     6.61G   0.01864  0.002444         0   0.02109        27       640    0.9869    0.9383    0.9748    0.7999   0.03261  0.005438         0
   478/599     6.61G  0.009026  0.002328         0   0.01135        35       640         1    0.9383    0.9761    0.7906   0.03262  0.005436         0
   479/599     6.61G   0.02424  0.002582         0   0.02683        28       640    0.9871    0.9506    0.9816    0.7826   0.03258   0.00536         0
   480/599     6.61G   0.01355  0.002382         0   0.01593        29       640    0.9749     0.963    0.9821    0.7817   0.03259  0.005317         0
   481/599     6.61G   0.01881  0.002556         0   0.02136        22       640     0.975     0.963     0.982    0.7836   0.03273  0.005284         0
   482/599     6.61G   0.01867  0.002243         0   0.02091        37       640    0.9512     0.963    0.9816    0.7856   0.03276  0.005266         0
   483/599     6.61G    0.0187  0.002284         0   0.02098        33       640    0.9736    0.9383     0.981    0.7878   0.03258  0.005217         0
   484/599     6.61G   0.01445  0.002397         0   0.01685        32       640    0.9613    0.9259    0.9781    0.8063   0.03255   0.00517         0
   485/599     6.61G   0.02365  0.002473         0   0.02612        23       640    0.9615    0.9383    0.9762    0.7934   0.03271  0.005122         0
   486/599     6.61G  0.009103  0.002481         0   0.01158        35       640    0.9617    0.9383    0.9766    0.8003   0.03277  0.005094         0
   487/599     6.61G  0.008832  0.002253         0   0.01108        24       640    0.9747    0.9505    0.9812    0.7917   0.03253  0.005093         0
   488/599     6.61G   0.01901  0.002281         0    0.0213        27       640    0.9747    0.9503    0.9826     0.804   0.03221  0.005079         0
   489/599     6.61G    0.0189  0.002075         0   0.02097        23       640    0.9867    0.9506    0.9835    0.8075   0.03189  0.005044         0
   490/599     6.61G  0.008661  0.002061         0   0.01072        33       640    0.9869    0.9506    0.9836    0.8069   0.03207  0.005038         0
   491/599     6.61G   0.02306  0.002164         0   0.02523        33       640    0.9871    0.9506    0.9844     0.811   0.03196  0.005054         0
   492/599     6.61G   0.01354  0.002457         0     0.016        30       640    0.9871    0.9506    0.9846     0.813   0.03205  0.005037         0
   493/599     6.61G   0.02331  0.002411         0   0.02572        30       640    0.9999    0.9259    0.9805    0.7843   0.03267  0.005243         0
   494/599     6.61G   0.01447  0.002475         0   0.01694        32       640    0.9487    0.9133    0.9642    0.7836   0.03389  0.005471         0
   495/599     6.61G   0.03006  0.002763         0   0.03283        34       640    0.9367    0.9134    0.9665    0.7799   0.03402  0.005443         0
   496/599     6.61G   0.01551  0.002928         0   0.01844        26       640    0.9247    0.9136     0.946    0.7588   0.03557  0.005667         0
   497/599     6.61G   0.02382  0.003494         0   0.02731        33       640    0.8468    0.8889     0.902    0.6837   0.03975   0.00623         0
   498/599     6.61G   0.03665  0.003601         0   0.04025        33       640    0.9304    0.8272    0.9191     0.695   0.03831  0.006269         0
   499/599     6.61G   0.02611  0.003191         0   0.02931        28       640    0.9199    0.8519    0.9249    0.7217    0.0371  0.006096         0
   500/599     6.61G   0.02837  0.003999         0   0.03237        35       640    0.5186    0.6667     0.555    0.4125    0.0447  0.009594         0
   501/599     6.61G   0.03341  0.004496         0   0.03791        30       640    0.5147    0.4321    0.4191    0.3054   0.05407   0.01051         0
   502/599     6.61G   0.02265  0.004193         0   0.02684        33       640    0.4749    0.7034     0.581    0.4282   0.04658  0.009336         0
   503/599     6.61G   0.02776  0.004037         0   0.03179        29       640    0.7312    0.6049    0.6859    0.4901   0.04507  0.008407         0
   504/599     6.61G   0.02942  0.004048         0   0.03346        41       640     0.901     0.679    0.7822    0.5443   0.04503  0.007618         0
   505/599     6.61G   0.01836  0.003781         0   0.02214        36       640    0.7826    0.8025    0.8275    0.5904   0.04358   0.00701         0
   506/599     6.61G   0.01859  0.003582         0   0.02217        30       640    0.8901    0.8025    0.8832    0.6421   0.04227  0.006568         0
   507/599     6.61G   0.02875  0.003818         0   0.03257        33       640    0.8685    0.9136    0.9374    0.6733   0.04015  0.006189         0
   508/599     6.61G   0.02369   0.00378         0   0.02747        34       640     0.886     0.864    0.9293    0.7149   0.03803  0.006007         0
   509/599     6.61G   0.01864    0.0034         0   0.02204        25       640    0.9209    0.8642    0.9298    0.7098   0.03775  0.005927         0
   510/599     6.61G    0.0134  0.003472         0   0.01687        45       640    0.8987    0.8765    0.9312    0.7196   0.03752  0.005877         0
   511/599     6.61G   0.01554  0.003466         0     0.019        29       640    0.8986    0.8765    0.9367    0.7249   0.03602  0.005835         0
   512/599     6.61G   0.01654  0.003263         0   0.01981        29       640    0.9229    0.8889     0.943    0.7312   0.03524  0.005843         0
   513/599     6.61G   0.01715  0.003023         0   0.02017        25       640    0.9473    0.8883    0.9514    0.7366   0.03613  0.005812         0
   514/599     6.61G   0.02137  0.003118         0   0.02449        31       640    0.9594    0.8765     0.957    0.7331    0.0369  0.005727         0
   515/599     6.61G   0.01652  0.003212         0   0.01973        24       640    0.9367    0.9135    0.9628    0.7369   0.03722  0.005668         0
   516/599     6.61G   0.02458  0.003053         0   0.02764        32       640    0.9597    0.9012    0.9662    0.7421   0.03672  0.005634         0
   517/599     6.61G   0.02501  0.002949         0   0.02796        38       640    0.9605    0.9009    0.9687    0.7499   0.03644  0.005591         0
   518/599     6.61G   0.02105  0.003015         0   0.02407        42       640      0.96    0.8889    0.9657    0.7517   0.03653  0.005549         0
   519/599     6.61G   0.03536  0.003003         0   0.03837        36       640    0.9494    0.9259    0.9654     0.748   0.03641  0.005522         0
   520/599     6.61G   0.02058  0.003055         0   0.02364        28       640    0.9493    0.9259    0.9654    0.7515   0.03549  0.005504         0
   521/599     6.61G   0.01588  0.002559         0   0.01844        25       640    0.9487    0.9135    0.9636    0.7497   0.03526    0.0055         0
   522/599     6.61G   0.01097  0.002685         0   0.01366        25       640    0.9486    0.9136    0.9608    0.7412   0.03539  0.005493         0
   523/599     6.61G   0.01502  0.002749         0   0.01777        26       640    0.9484    0.9136    0.9594     0.743   0.03521  0.005482         0
   524/599     6.61G   0.01577  0.002686         0   0.01845        30       640    0.9728    0.8889    0.9607    0.7494   0.03577  0.005464         0
   525/599     6.61G   0.02429  0.002781         0   0.02707        35       640    0.9864    0.9012    0.9714    0.7413   0.03571  0.005433         0
   526/599     6.61G   0.02439  0.002695         0   0.02708        33       640     0.974    0.9258    0.9765    0.7511   0.03579  0.005388         0
   527/599     6.61G   0.01507   0.00247         0   0.01754        29       640    0.9624    0.9506    0.9801     0.762   0.03511   0.00539         0
   528/599     6.61G   0.01982  0.002661         0   0.02248        35       640    0.9624    0.9506    0.9801    0.7623   0.03431  0.005412         0
   529/599     6.61G   0.01465  0.002527         0   0.01718        28       640    0.9625    0.9506    0.9796    0.7724   0.03396  0.005406         0
   530/599     6.61G   0.01984  0.002606         0   0.02244        31       640    0.9746    0.9506    0.9798    0.7731   0.03366  0.005425         0
   531/599     6.61G   0.01828  0.002371         0   0.02065        14       640    0.9625    0.9506     0.979    0.7863   0.03306  0.005439         0
   532/599     6.61G   0.02833  0.002337         0   0.03066        28       640    0.9512    0.9629    0.9809    0.7964   0.03321  0.005407         0
   533/599     6.61G   0.01366  0.002808         0   0.01647        31       640    0.9517    0.9753    0.9809    0.7864   0.03599  0.005533         0
   534/599     6.61G   0.01667  0.002817         0   0.01949        30       640    0.9493    0.9259    0.9719    0.7689   0.03719  0.005695         0
   535/599     6.61G   0.01567  0.002744         0   0.01842        34       640     0.973    0.8888    0.9686    0.7503   0.03735  0.005762         0
   536/599     6.61G   0.01565  0.003033         0   0.01869        37       640     0.907    0.9629     0.975    0.7662   0.03745  0.005677         0
   537/599     6.61G   0.02981  0.002777         0   0.03259        20       640    0.9498    0.9506    0.9789    0.7669   0.03746  0.005488         0
   538/599     6.61G   0.03096  0.003005         0   0.03397        42       640    0.9511     0.963    0.9808    0.7749   0.03659  0.005442         0
   539/599     6.61G   0.01643  0.003117         0   0.01955        33       640    0.9302    0.9877    0.9806    0.7648   0.03667  0.005442         0
   540/599     6.61G   0.02033  0.002937         0   0.02327        39       640    0.9183    0.9753    0.9761    0.7583    0.0357    0.0054         0
   541/599     6.61G   0.02533   0.00279         0   0.02812        33       640    0.9385    0.9506    0.9751    0.7484   0.03491  0.005353         0
   542/599     6.61G   0.02481  0.002697         0    0.0275        25       640    0.9737    0.9133    0.9735     0.748   0.03384  0.005302         0
   543/599     6.61G   0.02045  0.002577         0   0.02302        26       640         1    0.9136      0.98    0.7579   0.03315  0.005237         0
   544/599     6.61G   0.02004  0.002663         0   0.02271        32       640    0.9999    0.9136    0.9783    0.7587   0.03255  0.005188         0
   545/599     6.61G   0.02195  0.002521         0   0.02447        38       640    0.9999    0.9506    0.9797    0.7688    0.0324  0.005135         0
   546/599     6.61G   0.02936  0.002684         0   0.03204        30       640    0.9872    0.9505    0.9792    0.7686    0.0326  0.005166         0
   547/599     6.61G   0.01513  0.002699         0   0.01783        38       640    0.9869    0.9383    0.9779    0.7722    0.0327  0.005201         0
   548/599     6.61G   0.02427  0.002605         0   0.02688        38       640    0.9996     0.963    0.9795    0.7901   0.03277  0.005161         0
   549/599     6.61G    0.0184  0.002706         0    0.0211        35       640    0.9872     0.963    0.9772    0.7939   0.03297  0.005118         0
   550/599     6.61G    0.0189   0.00279         0   0.02169        28       640    0.9176    0.9628    0.9673    0.7582   0.03347  0.005402         0
   551/599     6.61G   0.01905  0.002941         0   0.02199        25       640     0.939    0.9505    0.9689    0.7684   0.03351  0.005362         0
   552/599     6.61G   0.02506  0.002825         0   0.02789        53       640     0.987    0.9506    0.9749    0.7769   0.03346  0.005308         0
   553/599     6.61G   0.02038  0.002834         0   0.02321        32       640    0.9743    0.9383    0.9688    0.7642   0.03365   0.00541         0
   554/599     6.61G   0.02914  0.002861         0     0.032        30       640     0.974    0.9383    0.9667    0.7583   0.03342  0.005429         0
   555/599     6.61G   0.01998  0.002699         0   0.02268        23       640    0.9383    0.9383    0.9667    0.7643   0.03291  0.005386         0
   556/599     6.61G   0.03403  0.002872         0    0.0369        36       640    0.9277    0.9506    0.9674    0.7619   0.03249   0.00536         0
   557/599     6.61G   0.02906  0.002766         0   0.03183        29       640    0.9176    0.9629    0.9685    0.7758   0.03237  0.005317         0
   558/599     6.61G   0.01914  0.002626         0   0.02176        38       640    0.9856    0.8889    0.9679    0.7673   0.03245  0.005287         0
   559/599     6.61G   0.01424  0.002477         0   0.01672        31       640    0.9475    0.9012    0.9619    0.7734    0.0326   0.00526         0
   560/599     6.61G   0.02512  0.002628         0   0.02774        28       640    0.8952    0.9506    0.9626     0.765   0.03263  0.005229         0
   561/599     6.61G   0.02345  0.002579         0   0.02603        37       640    0.9487    0.9136    0.9651    0.7671   0.03274  0.005194         0
   562/599     6.61G   0.01736  0.002511         0   0.01987        39       640    0.9604    0.9012    0.9698    0.7704   0.03283  0.005181         0
   563/599     6.61G   0.01897  0.002477         0   0.02145        33       640    0.9606    0.9136    0.9699    0.7758   0.03279  0.005152         0
   564/599     6.61G   0.01888  0.002827         0   0.02171        31       640     0.973    0.9136    0.9708    0.7825   0.03286  0.005124         0
   565/599     6.61G   0.01482  0.002695         0   0.01751        37       640    0.9389    0.9506    0.9715    0.7868   0.03261  0.005128         0
   566/599     6.61G   0.01921  0.002596         0   0.02181        25       640    0.9505    0.9506    0.9737    0.7938   0.03243  0.005135         0
   567/599     6.61G  0.009118  0.002388         0   0.01151        26       640    0.9623    0.9506     0.975    0.7858   0.03233  0.005138         0
   568/599     6.61G   0.02001  0.002503         0   0.02251        29       640    0.9506    0.9506    0.9747     0.791   0.03232  0.005157         0
   569/599     6.61G    0.0245  0.002473         0   0.02697        31       640    0.9506    0.9506    0.9684      0.78   0.03256  0.005315         0
   570/599     6.61G   0.01483  0.002702         0   0.01753        38       640    0.9505    0.9506    0.9682    0.7763   0.03293  0.005518         0
   571/599     6.61G   0.01433  0.002656         0   0.01699        23       640    0.9398    0.9629    0.9689    0.7832    0.0329  0.005472         0
   572/599     6.61G   0.02035   0.00268         0   0.02303        29       640    0.9506    0.9506    0.9757    0.7877   0.03279  0.005342         0
   573/599     6.61G   0.02491  0.002669         0   0.02758        31       640    0.9286    0.9629    0.9758    0.8005   0.03243  0.005347         0
   574/599     6.61G   0.01476  0.002532         0   0.01729        30       640    0.9619    0.9383    0.9757      0.81    0.0324  0.005381         0
   575/599     6.61G   0.01918  0.002637         0   0.02182        26       640    0.9744    0.9381    0.9769    0.7992   0.03266  0.005378         0
   576/599     6.61G   0.01451  0.002931         0   0.01744        26       640    0.9375    0.9258    0.9677    0.7888   0.03299  0.005369         0
   577/599     6.61G   0.02752  0.003691         0   0.03121        35       640    0.9999    0.7531    0.8842    0.6777   0.03529   0.00633         0
   578/599     6.61G   0.01915  0.004275         0   0.02343        32       640     0.842    0.7284    0.7949    0.6003   0.03682  0.007463         0
   579/599     6.61G   0.02469  0.003624         0   0.02831        32       640    0.7525     0.716    0.7675    0.5723   0.03927  0.007646         0
   580/599     6.61G   0.02834   0.00394         0   0.03228        27       640    0.8437    0.6663    0.7889    0.6094   0.04272  0.007162         0
   581/599     6.61G   0.01778  0.003734         0   0.02152        27       640      0.95    0.7034    0.8605    0.6502   0.04458  0.006548         0
   582/599     6.61G   0.01781  0.003342         0   0.02115        30       640     0.926    0.7778    0.8964    0.6758    0.0452  0.006045         0
   583/599     6.61G   0.02141  0.003385         0    0.0248        31       640    0.8947    0.8395    0.9129    0.6989    0.0447  0.005831         0
   584/599     6.61G   0.02644  0.003342         0   0.02978        32       640    0.9088    0.8642    0.9247    0.6976   0.04463  0.005845         0
   585/599     6.61G   0.02396  0.003338         0    0.0273        25       640    0.9206    0.8642    0.9253    0.7085   0.04482  0.005894         0
   586/599     6.61G   0.01251   0.00319         0    0.0157        30       640    0.9288    0.8148    0.9191    0.7183   0.04315  0.005865         0
   587/599     6.61G   0.02262  0.003392         0   0.02601        39       640    0.9211    0.8642    0.9335    0.7221   0.03614   0.00581         0
   588/599     6.61G   0.02576  0.003026         0   0.02878        28       640    0.9349    0.8889    0.9425    0.7188    0.0365  0.005696         0
   589/599     6.61G   0.01653  0.003126         0   0.01965        28       640    0.9474    0.8888    0.9437    0.7271   0.03674  0.005655         0
   590/599     6.61G    0.0266  0.003051         0   0.02965        41       640    0.9486    0.9136    0.9455    0.7274   0.03602  0.005597         0
   591/599     6.61G   0.01767  0.003255         0   0.02093        23       640    0.9583    0.8519    0.9276    0.7082   0.03562  0.005735         0
   592/599     6.61G   0.01687  0.003217         0   0.02009        32       640    0.9427    0.8148    0.9094    0.6879   0.03666  0.005971         0
   593/599     6.61G   0.01783  0.003487         0   0.02131        30       640    0.9286    0.8024    0.9049    0.6854   0.03673   0.00602         0
   594/599     6.61G     0.017  0.003322         0   0.02032        40       640     0.875     0.864    0.9212    0.6977   0.03624   0.00592         0
   595/599     6.61G   0.01643  0.003005         0   0.01943        34       640    0.8795    0.9012    0.9398    0.7189   0.03516  0.005751         0
   596/599     6.61G   0.01708   0.00306         0   0.02013        23       640    0.9726    0.8761    0.9489    0.7414   0.03452  0.005644         0
   597/599     6.61G   0.02085  0.003019         0   0.02387        30       640    0.9487    0.9136    0.9515    0.7503   0.03432  0.005531         0
   598/599     6.61G   0.02087  0.003141         0   0.02401        34       640    0.9487    0.9136    0.9555      0.76    0.0341   0.00546         0
   599/599     6.61G   0.01597  0.002812         0   0.01878        24       640    0.9608    0.9136    0.9568    0.7696   0.03368  0.005416         0
