     0/299      1.5G   0.08559   0.01941         0     0.105        68       640  0.003679    0.1429  0.001086 0.0002054    0.1349   0.01732         0
     1/299     9.48G   0.08588   0.01912         0     0.105        69       640  0.006726    0.2381  0.002428 0.0004377    0.1329     0.016         0
     2/299     9.48G   0.07864   0.01791         0   0.09656        61       640     0.012    0.1429  0.004544  0.000828    0.1304    0.0154         0
     3/299     9.48G   0.08013    0.0164         0   0.09653        59       640   0.02397   0.04762  0.007088  0.001351    0.1285   0.01442         0
     4/299     9.48G   0.08643   0.01446         0    0.1009        78       640   0.01633    0.3333  0.008863  0.001554    0.1248   0.01359         0
     5/299     9.48G   0.08343   0.01266         0   0.09609        67       640   0.07058    0.1429   0.01678  0.003625    0.1252   0.01264         0
     6/299     9.48G   0.06987   0.01135         0   0.08122        60       640    0.1525   0.09524   0.06256  0.007225    0.1062   0.01173         0
     7/299     9.48G   0.07132   0.01063         0   0.08195        63       640    0.1802   0.09524   0.02311  0.003517   0.08687   0.01108         0
     8/299     9.48G   0.07007  0.009621         0   0.07969        64       640   0.09367   0.09524   0.02305   0.00295   0.08419   0.01081         0
     9/299     9.48G   0.06831  0.009006         0   0.07732        67       640   0.03974    0.1429   0.01745  0.003383   0.08312   0.01045         0
    10/299     9.48G   0.06935  0.008859         0   0.07821        69       640   0.06321   0.09524   0.01687  0.003077   0.08259   0.01039         0
    11/299     9.48G   0.06584   0.00799         0   0.07383        63       640   0.07552    0.1429   0.02849  0.005279   0.08179    0.0102         0
    12/299     9.48G   0.06777  0.008417         0   0.07619        72       640     0.993   0.04762   0.05689   0.01597   0.08085   0.01012         0
    13/299     9.48G   0.06556   0.00788         0   0.07344        64       640    0.9987   0.04762   0.06159   0.02137   0.08037   0.01016         0
    14/299     9.48G   0.06569  0.007397         0   0.07309        55       640     0.997   0.04762   0.06938    0.0226   0.07826   0.01028         0
    15/299     9.48G   0.06136   0.00745         0   0.06881        58       640   0.05276    0.3766   0.06913   0.02262   0.07621   0.01031         0
    16/299     9.48G   0.06413  0.007422         0   0.07155        60       640   0.07818    0.4762     0.099    0.0341   0.07499   0.01051         0
    17/299     9.48G   0.06205  0.007827         0   0.06988        63       640    0.1502    0.2857    0.1324   0.03938   0.07396   0.01046         0
    18/299     9.48G   0.06137   0.00778         0   0.06915        77       640      0.21    0.1905    0.1185   0.04408    0.0732   0.01043         0
    19/299     9.48G   0.05666  0.007338         0     0.064        65       640   0.08308    0.2857   0.07321   0.02428   0.07318   0.01022         0
    20/299     9.48G   0.05778   0.00717         0   0.06495        59       640   0.09651    0.5238    0.1333   0.05665   0.07333   0.01023         0
    21/299     9.48G   0.06058  0.006988         0   0.06757        64       640   0.08283    0.3333   0.05475   0.01391   0.07384  0.009871         0
    22/299     9.48G   0.05313  0.006883         0   0.06001        59       640   0.06793    0.3333   0.05155   0.01203   0.06811      0.01         0
    23/299     9.48G   0.05904  0.007272         0   0.06631        62       640    0.1049    0.2857   0.06964    0.0184    0.0692  0.009913         0
    24/299     9.48G   0.05401  0.007163         0   0.06118        59       640    0.1461    0.2857    0.1069   0.03418   0.06729  0.009877         0
    25/299     9.48G   0.05318  0.007248         0   0.06043        61       640     0.117    0.2381   0.08787   0.02952    0.0854  0.009599         0
    26/299     9.48G   0.05569   0.00656         0   0.06225        55       640     0.175    0.5238    0.1461   0.04938   0.07936   0.01003         0
    27/299     9.48G    0.0547  0.007124         0   0.06183        57       640    0.3177     0.619    0.2758   0.07828    0.0904   0.01024         0
    28/299     9.48G   0.05201  0.007738         0   0.05975        65       640    0.2326    0.8571    0.2938   0.06043   0.06792  0.009898         0
    29/299     9.48G   0.06215  0.007721         0   0.06987        73       640    0.5499    0.4762    0.3821    0.1057   0.06796  0.009952         0
    30/299     9.48G   0.04537  0.007101         0   0.05247        57       640    0.6841    0.3333    0.4063    0.1404   0.06702  0.009987         0
    31/299     9.48G   0.05365  0.008053         0    0.0617        72       640    0.3264    0.4762    0.2977    0.1245   0.08144   0.01016         0
    32/299     9.48G   0.05746  0.007744         0    0.0652        76       640     0.265     0.381    0.2686   0.09019   0.09893  0.009927         0
    33/299     9.48G   0.04353  0.007729         0   0.05126        72       640    0.2986     0.381    0.2479   0.08135   0.09942   0.01001         0
    34/299     9.48G   0.05737  0.006926         0    0.0643        54       640    0.3129    0.4762    0.3339   0.06466    0.1012  0.009872         0
    35/299     9.48G   0.05189  0.006761         0   0.05865        54       640    0.6722    0.5714    0.5393     0.167    0.1019  0.009526         0
    36/299     9.48G   0.05675  0.007406         0   0.06416        69       640    0.9228    0.5696    0.7195    0.2292   0.09857  0.009362         0
    37/299     9.48G   0.05748   0.00711         0   0.06458        77       640    0.5687    0.5238    0.5832    0.2241   0.09786  0.009387         0
    38/299     9.48G   0.06847  0.006468         0   0.07494        64       640    0.4078    0.8525    0.5674    0.1172   0.09799  0.009329         0
    39/299     9.48G   0.06346  0.006744         0   0.07021        57       640    0.9053    0.5714    0.7879     0.303   0.09497  0.009382         0
    40/299     9.48G   0.05693   0.00673         0   0.06366        63       640    0.7876    0.7143    0.8278    0.4344   0.09245  0.009448         0
    41/299     9.48G   0.05185  0.006924         0   0.05878        66       640    0.4236    0.8095    0.3956   0.08878   0.09653  0.009039         0
    42/299     9.48G   0.05791  0.006485         0    0.0644        57       640    0.6115    0.8996    0.6922    0.1863   0.09123  0.009273         0
    43/299     9.48G   0.06309  0.007038         0   0.07013        70       640    0.6151    0.7611    0.6888    0.2477   0.09117  0.009423         0
    44/299     9.48G   0.05585  0.006712         0   0.06257        67       640    0.4999    0.8571    0.5616    0.1379   0.09336  0.009363         0
    45/299     9.48G   0.05501  0.006301         0   0.06131        56       640    0.4435    0.5714    0.3444   0.08807   0.07001  0.009328         0
    46/299     9.48G   0.05516  0.007106         0   0.06227        69       640    0.6785    0.7143    0.5901    0.2291   0.06066   0.01024         0
    47/299     9.48G   0.04032  0.007807         0   0.04813        78       640    0.7194     0.619    0.5478    0.2317   0.06453   0.01025         0
    48/299     9.48G    0.0631  0.006977         0   0.07008        67       640    0.7206    0.6143    0.6289    0.2078   0.06543   0.01014         0
    49/299     9.48G   0.04733  0.006678         0   0.05401        62       640      0.68    0.5238    0.5387    0.2247   0.06468   0.01008         0
    50/299     9.48G   0.06413  0.006693         0   0.07082        64       640    0.6665    0.5709    0.5821    0.2957   0.06681    0.0101         0
    51/299     9.48G   0.04196  0.006495         0   0.04845        66       640     0.699    0.6638    0.6961    0.3087   0.07154   0.01033         0
    52/299     9.48G   0.05225  0.006952         0   0.05921        70       640    0.6652    0.6667    0.7365    0.2361   0.07535   0.01034         0
    53/299     9.48G   0.05924  0.006992         0   0.06623        72       640    0.9332    0.6653    0.8162    0.3314   0.07703   0.01042         0
    54/299     9.48G   0.05189  0.007049         0   0.05894        64       640    0.7365    0.8095    0.8149    0.3632   0.07833   0.01055         0
    55/299     9.48G   0.06058  0.006548         0   0.06713        60       640    0.7775    0.6667    0.7355    0.2915   0.07538    0.0106         0
    56/299     9.48G   0.04473  0.006872         0    0.0516        71       640    0.8822    0.7619    0.8433    0.3576   0.07457   0.01046         0
    57/299     9.48G   0.03522  0.006176         0   0.04139        60       640    0.9213    0.5714     0.714    0.3139   0.07607   0.01037         0
    58/299     9.48G   0.07231  0.006864         0   0.07918        77       640    0.7762    0.3333    0.4422    0.1582   0.08626  0.009648         0
    59/299     9.48G   0.07192  0.006696         0   0.07862        71       640    0.8662     0.619    0.7497    0.3167   0.08545  0.009622         0
    60/299     9.48G    0.0717  0.006468         0   0.07817        64       640    0.8431    0.5238    0.5875    0.1192   0.09264  0.009866         0
    61/299     9.48G   0.05532  0.006395         0   0.06171        74       640    0.8545    0.5714    0.6229    0.3101   0.08829   0.01059         0
    62/299     9.48G   0.04136  0.006693         0   0.04806        67       640    0.8802     0.381    0.5284    0.1585   0.09155   0.01043         0
    63/299     9.48G   0.06423  0.006726         0   0.07096        78       640    0.7678    0.4762    0.6021    0.2334    0.0902   0.01052         0
    64/299     9.48G   0.04114  0.006425         0   0.04756        67       640    0.6954    0.6667     0.751    0.3885   0.08631   0.01073         0
    65/299     9.48G   0.07235  0.006255         0   0.07861        49       640    0.7591    0.7505    0.7354    0.3723   0.08405    0.0106         0
    66/299     9.48G    0.0403  0.006903         0    0.0472        64       640    0.8493    0.8056    0.7705    0.4324   0.08179   0.01046         0
    67/299     9.48G   0.04951  0.006839         0   0.05635        70       640    0.8473    0.8095     0.808    0.4397   0.08129   0.01019         0
    68/299     9.48G   0.02826   0.00642         0   0.03468        66       640    0.8982    0.8571    0.8873    0.4772   0.07947    0.0101         0
    69/299     9.48G   0.04753  0.006493         0   0.05403        66       640    0.9408    0.7619    0.8805    0.4665   0.07835  0.009804         0
    70/299     9.48G   0.04696  0.006523         0   0.05348        66       640    0.9473    0.8565    0.9079    0.5381   0.07746  0.009293         0
    71/299     9.48G   0.04854  0.006127         0   0.05467        62       640    0.9989    0.8095    0.9265    0.5451   0.07587  0.009166         0
    72/299     9.48G   0.02811  0.006309         0   0.03441        64       640    0.5859    0.9048    0.7344    0.2597   0.07702  0.009174         0
    73/299     9.48G   0.04165  0.005965         0   0.04761        63       640    0.8499    0.8091    0.8966    0.1687   0.07835  0.008929         0
    74/299     9.48G   0.05199  0.006255         0   0.05825        68       640    0.7198    0.8571    0.8444    0.3996   0.07678  0.008931         0
    75/299     9.48G   0.04804  0.006449         0   0.05449        62       640    0.7916    0.9045    0.8926    0.5614   0.07627  0.008965         0
    76/299     9.48G   0.05799  0.005614         0   0.06361        53       640    0.9038    0.9048    0.9676    0.5692   0.07799  0.008754         0
    77/299     9.48G    0.0492  0.006071         0   0.05527        64       640    0.8256    0.9048    0.9186    0.4959   0.07944  0.008645         0
    78/299     9.48G   0.05537  0.006069         0   0.06144        71       640    0.8178    0.8552    0.8755    0.3971   0.08099  0.008397         0
    79/299     9.48G   0.04217  0.006191         0   0.04836        66       640    0.6942    0.7568    0.6995    0.1379   0.08349  0.008229         0
    80/299     9.48G   0.05583  0.005751         0   0.06158        60       640    0.7306    0.9042    0.8539    0.3317   0.08652  0.007807         0
    81/299     9.48G   0.05741  0.005477         0   0.06289        82       640    0.4686    0.7143    0.5505    0.2381   0.08512  0.008034         0
    82/299     9.48G   0.03138   0.00526         0   0.03664        70       640    0.6168         1     0.785     0.348   0.08269  0.008263         0
    83/299     9.48G    0.0427  0.006214         0   0.04892        73       640    0.7391    0.9524    0.8301    0.3906    0.0803  0.008442         0
    84/299     9.48G   0.05147  0.006567         0   0.05804        63       640    0.8735         1    0.9573    0.5313   0.07825  0.008476         0
    85/299     9.48G   0.03216  0.006317         0   0.03848        61       640    0.7997    0.9509    0.9018    0.5106   0.08291  0.008393         0
    86/299     9.48G   0.02526  0.006772         0   0.03203        71       640    0.9116         1    0.9682    0.6348   0.08309  0.008314         0
    87/299     9.48G   0.04191  0.006064         0   0.04798        56       640    0.9118         1    0.9682    0.6155   0.08335  0.008139         0
    88/299     9.48G   0.05015  0.006753         0   0.05691        75       640    0.9518    0.9524    0.9719    0.6684   0.08373  0.007957         0
    89/299     9.48G   0.02198  0.006238         0   0.02822        64       640    0.9524    0.9524    0.9724    0.5929   0.08456  0.007781         0
    90/299     9.48G   0.02517  0.005706         0   0.03088        64       640    0.9519    0.9524    0.9738    0.6412   0.08536  0.007459         0
    91/299     9.48G   0.02524  0.005797         0   0.03104        66       640    0.3868    0.8414    0.4227    0.1973    0.0909  0.007341         0
    92/299     9.48G   0.03085  0.004979         0   0.03583        65       640    0.8692    0.9524    0.9207    0.5365   0.09037  0.006955         0
    93/299     9.48G   0.04976  0.004827         0   0.05459        58       640    0.8695    0.9522      0.92    0.4591   0.09065  0.007024         0
    94/299     9.48G   0.05529  0.005467         0   0.06076        63       640    0.9491    0.9048     0.967     0.604   0.08582  0.007452         0
    95/299     9.48G   0.04483  0.005776         0   0.05061        70       640      0.95    0.9045    0.9591    0.6007   0.08281  0.007756         0
    96/299     9.48G   0.04526  0.005962         0   0.05122        71       640    0.9491    0.9048    0.9606    0.5392   0.08281  0.007738         0
    97/299     9.48G   0.02467  0.006409         0   0.03108        77       640    0.9091    0.9522    0.9626    0.6372   0.07999  0.007861         0
    98/299     9.48G   0.02823  0.005505         0   0.03373        58       640     0.908    0.9524    0.9721    0.6275   0.08063    0.0076         0
    99/299     9.48G   0.02515  0.005563         0   0.03071        69       640    0.9087    0.9524    0.9746    0.6958   0.08018  0.007526         0
   100/299     9.48G   0.07068  0.005608         0   0.07629        69       640     0.909    0.9519    0.9721    0.7024   0.07931  0.007574         0
   101/299     9.48G   0.02196  0.005554         0   0.02752        70       640     0.909    0.9517    0.9771    0.6802   0.07977  0.007459         0
   102/299     9.48G   0.04338  0.005469         0   0.04885        60       640      0.95    0.9047    0.9738    0.6265   0.07796  0.007581         0
   103/299     9.48G   0.04472  0.004932         0   0.04965        55       640    0.9996    0.9048    0.9855    0.6833    0.0781  0.007394         0
   104/299     9.48G   0.02325  0.005563         0   0.02881        75       640     0.913    0.9995    0.9892    0.7113   0.07839  0.007254         0
   105/299     9.48G   0.02693   0.00539         0   0.03232        65       640    0.4195     0.998      0.59     0.287   0.08419  0.007203         0
   106/299     9.48G   0.07397  0.005747         0   0.07972        78       640    0.9545    0.9999    0.9909    0.7272   0.07862  0.007287         0
   107/299     9.48G   0.02115  0.004999         0   0.02615        59       640    0.9128    0.9972    0.9872    0.6492   0.07889  0.007259         0
   108/299     9.48G   0.02121  0.004983         0   0.02619        66       640    0.9532         1    0.9909      0.69   0.07699  0.007265         0
   109/299     9.48G   0.06031  0.005568         0   0.06588        69       640    0.8635    0.9048    0.8911    0.4315    0.0783  0.007189         0
   110/299     9.48G   0.04791  0.004889         0    0.0528        63       640    0.9128    0.9971    0.9872    0.6401   0.07644  0.006956         0
   111/299     9.48G    0.0233  0.004775         0   0.02808        60       640    0.8636    0.9043    0.9112    0.4998   0.07685  0.007047         0
   112/299     9.48G   0.02217  0.004773         0   0.02695        55       640     0.953         1     0.991    0.7115   0.07409  0.007054         0
   113/299     9.48G   0.02048  0.004911         0   0.02539        62       640    0.9536         1     0.991    0.6337   0.07527  0.007023         0
   114/299     9.48G   0.04954  0.004923         0   0.05446        64       640     0.913    0.9993    0.9892    0.7217   0.07459    0.0069         0
   115/299     9.48G   0.02237  0.004991         0   0.02736        60       640    0.8739         1    0.9155    0.4916    0.0738  0.006997         0
   116/299     9.48G   0.02261  0.005367         0   0.02798        60       640    0.9993         1    0.9951    0.6672   0.07219    0.0068         0
   117/299     9.48G   0.04475   0.00507         0   0.04982        53       640     0.913    0.9994    0.9502    0.6248    0.0701  0.006921         0
   118/299     9.48G    0.0308  0.004633         0   0.03543        55       640    0.9128         1    0.9892    0.7626   0.06857  0.006794         0
   119/299     9.48G   0.02113  0.005249         0   0.02638        68       640    0.9534         1     0.991    0.6862    0.0673  0.006886         0
   120/299     9.48G    0.0491  0.004617         0   0.05372        57       640         1    0.9046    0.9855    0.6664   0.06722   0.00684         0
   121/299     9.48G   0.05743  0.004899         0   0.06233        63       640         1    0.9984    0.9951    0.6735   0.06461  0.006828         0
   122/299     9.48G   0.02057  0.004708         0   0.02528        59       640    0.9545    0.9988     0.991    0.6844   0.06175  0.006875         0
   123/299     9.48G   0.02299  0.004781         0   0.02777        64       640    0.9996         1    0.9951    0.6473   0.06143  0.006893         0
   124/299     9.48G   0.02427  0.004744         0   0.02902        67       640         1    0.9045    0.9838    0.5676   0.06271   0.00671         0
   125/299     9.48G   0.02567  0.004568         0   0.03024        64       640    0.8746         1    0.9788    0.6638   0.06151  0.006823         0
   126/299     9.48G   0.02282  0.004896         0   0.02772        65       640    0.8395         1    0.9612    0.5825   0.06107  0.006968         0
   127/299     9.48G   0.04679  0.004813         0   0.05161        64       640    0.9545     0.999    0.9887    0.7753   0.06209  0.006891         0
   128/299     9.48G   0.02294  0.004431         0   0.02737        53       640    0.9129    0.9979    0.9892    0.7188   0.06478  0.006677         0
   129/299     9.48G   0.02119  0.004475         0   0.02567        62       640    0.9997         1    0.9951    0.7486   0.06052  0.006951         0
   130/299     9.48G   0.04463  0.005017         0   0.04965        72       640         1    0.9997    0.9951    0.7378   0.05875  0.006955         0
   131/299     9.48G   0.01895  0.004341         0   0.02329        54       640    0.9998         1    0.9951    0.8152    0.0582  0.006772         0
   132/299     9.48G   0.01996  0.004859         0   0.02482        65       640    0.9996         1    0.9951    0.6901    0.0599  0.006611         0
   133/299     9.48G   0.02152  0.004671         0   0.02619        61       640    0.9998         1    0.9951    0.6826     0.059  0.006617         0
   134/299     9.48G   0.02287  0.004515         0   0.02739        66       640    0.9999         1    0.9951     0.715   0.05944  0.006626         0
   135/299     9.48G    0.0214   0.00439         0   0.02579        64       640         1    0.9996    0.9951    0.7061   0.05866  0.006655         0
   136/299     9.48G   0.01951  0.004184         0    0.0237        65       640    0.9997         1    0.9951    0.7403   0.05967  0.006526         0
   137/299     9.48G   0.02163  0.004471         0    0.0261        67       640    0.9998         1    0.9951    0.7579   0.05723  0.006687         0
   138/299     9.48G   0.04114   0.00488         0   0.04602        73       640    0.9999         1    0.9951    0.7638   0.05941  0.006718         0
   139/299     9.48G   0.01856   0.00442         0   0.02298        59       640         1    0.9997    0.9951    0.7354   0.06063  0.006638         0
   140/299     9.48G   0.01913  0.004945         0   0.02407        78       640         1         1    0.9951     0.801   0.06176  0.006495         0
   141/299     9.48G   0.01937  0.004488         0   0.02385        64       640    0.9999    0.9524    0.9916    0.7419   0.06248  0.006487         0
   142/299     9.48G   0.02201  0.004239         0   0.02625        53       640         1    0.9523    0.9901    0.7618   0.06281   0.00646         0
   143/299     9.48G   0.01926  0.004265         0   0.02353        62       640         1    0.9523    0.9901    0.7673   0.06113   0.00657         0
   144/299     9.48G   0.01772  0.004285         0   0.02201        61       640         1    0.9524    0.9916    0.7193   0.06227  0.006498         0
   145/299     9.48G    0.0199  0.004443         0   0.02434        57       640         1    0.9523    0.9916    0.7026   0.06177  0.006459         0
   146/299     9.48G   0.02114  0.004603         0   0.02575        66       640    0.9999    0.9524    0.9916    0.6118   0.06251  0.006412         0
   147/299     9.48G   0.01887  0.004834         0    0.0237        70       640    0.9545    0.9997    0.9932    0.8021   0.05959  0.006379         0
   148/299     9.48G   0.02028  0.004527         0   0.02481        65       640    0.9545    0.9999    0.9932    0.8004   0.06001  0.006345         0
   149/299     9.48G   0.03469  0.004128         0   0.03882        71       640    0.9543         1    0.9932    0.7434   0.06095   0.00635         0
   150/299     9.48G   0.01929  0.004517         0   0.02381        61       640    0.9543         1    0.9932    0.7141   0.05937  0.006453         0
   151/299     9.48G    0.0185  0.004164         0   0.02266        60       640         1    0.9997     0.995    0.7495   0.05897  0.006376         0
   152/299     9.48G   0.01667   0.00411         0   0.02078        59       640         1    0.9996     0.995    0.7325   0.05848  0.006374         0
   153/299     9.48G   0.02082  0.003614         0   0.02444        45       640         1         1     0.995     0.748   0.05995  0.006266         0
   154/299     9.48G   0.03201  0.004186         0   0.03619        60       640         1    0.9999     0.995    0.6827   0.05055   0.00652         0
   155/299     9.48G   0.01977  0.003972         0   0.02375        64       640    0.9998    0.9524    0.9916    0.6652    0.0505  0.006616         0
   156/299     9.48G   0.01999  0.003717         0   0.02371        65       640    0.9129    0.9981    0.9868    0.6803    0.0507  0.006721         0
   157/299     9.48G   0.02008  0.004419         0    0.0245        64       640    0.9545    0.9998    0.9932    0.7055    0.0498  0.006734         0
   158/299     9.48G   0.01816  0.004548         0   0.02271        62       640    0.9545    0.9994    0.9932    0.6996   0.04905  0.006603         0
   159/299     9.48G   0.01815  0.004138         0   0.02228        63       640    0.9545    0.9997    0.9932     0.782   0.04825  0.006511         0
   160/299     9.48G   0.01643  0.004229         0   0.02066        64       640    0.9544         1    0.9932    0.7789   0.04777  0.006378         0
   161/299     9.48G   0.01517  0.004497         0   0.01966        77       640    0.9545         1    0.9932    0.8092   0.04725  0.006261         0
   162/299     9.48G   0.01628  0.003895         0   0.02017        57       640    0.9545         1    0.9932     0.749    0.0487  0.006182         0
   163/299     9.48G   0.02014  0.003652         0   0.02379        62       640    0.9545    0.9998    0.9932    0.7644   0.05102   0.00604         0
   164/299     9.48G   0.02121  0.003979         0   0.02519        62       640         1    0.9048    0.9855    0.6409     0.051  0.006259         0
   165/299     9.48G   0.02061  0.003601         0   0.02421        62       640    0.9545    0.9999    0.9932    0.7523   0.05094  0.006187         0
   166/299     9.48G   0.01795  0.004143         0   0.02209        66       640    0.9545         1    0.9932    0.6948   0.04941   0.00633         0
   167/299     9.48G   0.04172  0.003863         0   0.04558        59       640    0.9545    0.9999    0.9932    0.8204   0.04954  0.006191         0
   168/299     9.48G   0.03983  0.003965         0    0.0438        60       640    0.9544         1    0.9932    0.7436   0.04848  0.006165         0
   169/299     9.48G   0.06234  0.004144         0   0.06648        62       640    0.9544         1    0.9933    0.8026   0.04779  0.006092         0
   170/299     9.48G   0.01694  0.004119         0   0.02106        66       640    0.9543         1    0.9933    0.7736    0.0481  0.006061         0
   171/299     9.48G   0.06779  0.003583         0   0.07137        58       640    0.9545         1    0.9932    0.7478   0.05029  0.005995         0
   172/299     9.48G   0.01816  0.003905         0   0.02206        77       640    0.9545    0.9999    0.9933    0.7617   0.04831  0.006002         0
   173/299     9.48G    0.0383  0.004108         0    0.0424        64       640    0.9543         1    0.9933    0.7798   0.04808   0.00604         0
   174/299     9.48G   0.03908  0.004255         0   0.04334        78       640    0.9545         1    0.9933    0.6969   0.04928  0.005993         0
   175/299     9.48G   0.04236  0.003532         0   0.04589        54       640    0.9545    0.9999    0.9933    0.8034   0.04857  0.006039         0
   176/299     9.48G   0.01767  0.003714         0   0.02138        60       640    0.9545    0.9998    0.9933    0.7836   0.04841  0.006008         0
   177/299     9.48G    0.0396  0.003869         0   0.04347        67       640    0.9545         1    0.9933    0.7931   0.04779  0.005994         0
   178/299     9.48G    0.0384  0.003895         0    0.0423        62       640    0.9545         1    0.9933     0.774   0.04753  0.005993         0
   179/299     9.48G   0.01909  0.003973         0   0.02306        68       640    0.9543         1    0.9933    0.7748   0.04803  0.006001         0
   180/299     9.48G   0.01911  0.003944         0   0.02306        68       640    0.9544         1    0.9933      0.65    0.0499  0.005917         0
   181/299     9.48G   0.01984   0.00366         0    0.0235        63       640    0.9543         1    0.9933    0.7751   0.04882  0.005968         0
   182/299     9.48G   0.04033  0.004054         0   0.04439        78       640    0.9545         1    0.9933    0.7516   0.04948  0.006001         0
   183/299     9.48G   0.04043  0.003658         0   0.04408        67       640    0.9545    0.9999    0.9933    0.7254   0.04789  0.006052         0
   184/299     9.48G   0.01632  0.003489         0   0.01981        59       640    0.9545    0.9998    0.9933    0.7911   0.04765  0.006004         0
   185/299     9.48G   0.01474  0.004066         0   0.01881        73       640    0.9545         1    0.9933    0.7728   0.04831  0.005897         0
   186/299     9.48G   0.01777  0.003813         0   0.02158        61       640    0.9545         1    0.9933    0.7708   0.04989  0.005826         0
   187/299     9.48G   0.03744  0.004162         0    0.0416        88       640         1         1    0.9951     0.769   0.04924  0.005877         0
   188/299     9.48G   0.01718  0.003596         0   0.02078        57       640         1    0.9999    0.9952    0.7489    0.0473  0.005881         0
   189/299     9.48G   0.03848  0.003432         0   0.04191        66       640         1         1    0.9952    0.7663   0.04732  0.005848         0
   190/299     9.48G   0.01489  0.003969         0   0.01886        67       640         1    0.9999    0.9952    0.8039   0.04704  0.005819         0
   191/299     9.48G   0.01536  0.003518         0   0.01888        72       640         1    0.9999    0.9952    0.8026   0.04701  0.005817         0
   192/299     9.48G   0.01471  0.003602         0   0.01831        58       640    0.9999         1    0.9952    0.7867   0.04729  0.005836         0
   193/299     9.48G   0.01455   0.00336         0   0.01791        58       640         1    0.9999    0.9952    0.7567   0.04793  0.005882         0
   194/299     9.48G   0.04123  0.003478         0   0.04471        57       640         1    0.9999    0.9952    0.7659   0.04812  0.005923         0
   195/299     9.48G    0.0167  0.003354         0   0.02006        61       640         1    0.9999    0.9952    0.7803   0.04729  0.005996         0
   196/299     9.48G   0.01644  0.003814         0   0.02026        64       640         1    0.9999    0.9952    0.7712   0.04711  0.006043         0
   197/299     9.48G   0.01663  0.003569         0    0.0202        68       640         1         1    0.9952    0.7539   0.04635  0.006172         0
   198/299     9.48G   0.04192  0.003656         0   0.04558        64       640    0.9999         1    0.9952     0.748    0.0471  0.006085         0
   199/299     9.48G    0.0399  0.003855         0   0.04375        68       640         1         1    0.9952    0.7952   0.04651  0.006111         0
   200/299     9.48G   0.01671  0.003426         0   0.02014        71       640    0.9545         1    0.9934    0.8055    0.0458  0.006101         0
   201/299     9.48G   0.03402  0.003569         0   0.03759        61       640    0.9545         1    0.9934    0.7794    0.0458  0.006016         0
   202/299     9.48G    0.0139  0.003447         0   0.01735        65       640    0.9545         1    0.9934    0.8187   0.04551  0.005973         0
   203/299     9.48G   0.01375  0.003397         0   0.01715        66       640    0.9544         1    0.9934    0.7976   0.04579  0.005956         0
   204/299     9.48G     0.016   0.00353         0   0.01953        69       640    0.9545         1    0.9934    0.7903   0.04554  0.006006         0
   205/299     9.48G   0.01446  0.003902         0   0.01837        82       640         1    0.9999    0.9952    0.7956    0.0467  0.005971         0
   206/299     9.48G   0.01696  0.004053         0   0.02101        72       640    0.9545         1    0.9934    0.8028   0.04619  0.005964         0
   207/299     9.48G    0.0131  0.003451         0   0.01655        66       640    0.9545         1    0.9934    0.8123   0.04527   0.00594         0
   208/299     9.48G   0.02625  0.003598         0   0.02985        67       640    0.9545         1    0.9934    0.8249   0.04526  0.005993         0
   209/299     9.48G   0.03886  0.003534         0   0.04239        74       640    0.9544         1    0.9934    0.7628   0.04517  0.006059         0
   210/299     9.48G   0.01543  0.003588         0   0.01901        63       640    0.9545         1    0.9934    0.7825   0.04537  0.006062         0
   211/299     9.48G   0.01361  0.003413         0   0.01703        70       640         1    0.9999    0.9952    0.8022   0.04491  0.006042         0
   212/299     9.48G   0.03689  0.003541         0   0.04043        63       640         1         1    0.9952    0.8143   0.04471  0.005967         0
   213/299     9.48G   0.01367  0.003193         0   0.01686        60       640         1         1    0.9952     0.795   0.04513  0.005914         0
   214/299     9.48G   0.01551  0.003356         0   0.01886        69       640         1    0.9999    0.9952    0.8101   0.04498  0.005899         0
   215/299     9.48G   0.01535  0.003346         0   0.01869        63       640         1         1    0.9952    0.7778   0.04481  0.005924         0
   216/299     9.48G   0.01364  0.003334         0   0.01697        63       640    0.9999         1    0.9952    0.8006   0.04497  0.005951         0
   217/299     9.48G    0.0384  0.003473         0   0.04188        65       640         1    0.9999    0.9952    0.7959   0.04501  0.005927         0
   218/299     9.48G   0.01551  0.003192         0    0.0187        66       640         1         1    0.9952    0.7698   0.04582  0.005939         0
   219/299     9.48G   0.03902  0.003498         0   0.04251        59       640         1    0.9999    0.9952    0.7811    0.0449  0.005966         0
   220/299     9.48G   0.01533  0.003264         0    0.0186        65       640         1    0.9999    0.9952    0.7575   0.04499  0.005983         0
   221/299     9.48G   0.01304   0.00309         0   0.01613        58       640         1         1    0.9952    0.7975   0.04402  0.006006         0
   222/299     9.48G   0.01357  0.003206         0   0.01678        62       640         1    0.9999    0.9952    0.8172   0.04428  0.005918         0
   223/299     9.48G   0.03627  0.003256         0   0.03953        65       640         1    0.9999    0.9952    0.8004     0.044  0.005941         0
   224/299     9.48G   0.01307  0.003574         0   0.01665        74       640    0.9999         1    0.9952    0.7977   0.04432  0.005879         0
   225/299     9.48G   0.01368  0.003538         0   0.01722        63       640    0.9999         1    0.9952    0.7952   0.04517  0.005805         0
   226/299     9.48G   0.03692  0.003223         0   0.04014        73       640         1         1    0.9952    0.7733   0.04505  0.005807         0
   227/299     9.48G    0.0383  0.003471         0   0.04177        68       640         1    0.9999    0.9952    0.7936   0.04499  0.005767         0
   228/299     9.48G   0.03911  0.003155         0   0.04226        56       640         1         1    0.9952    0.7995   0.04552  0.005765         0
   229/299     9.48G    0.0405  0.003312         0   0.04382        68       640         1         1    0.9952    0.7945   0.04555  0.005774         0
   230/299     9.48G   0.01492  0.003394         0   0.01831        66       640         1         1    0.9952    0.8256   0.04452  0.005826         0
   231/299     9.48G   0.03793  0.003399         0   0.04132        67       640         1    0.9999    0.9952    0.7889   0.04466  0.005837         0
   232/299     9.48G   0.01349  0.003289         0   0.01677        60       640         1         1    0.9952    0.8096   0.04412  0.005821         0
   233/299     9.48G   0.01544  0.003556         0     0.019        65       640    0.9999         1    0.9952    0.7969   0.04476  0.005843         0
   234/299     9.48G    0.0124  0.003408         0   0.01581        68       640         1         1    0.9952    0.8015   0.04413  0.005821         0
   235/299     9.48G   0.01419  0.003368         0   0.01756        60       640         1         1    0.9952    0.8087   0.04424  0.005844         0
   236/299     9.48G   0.03653  0.003193         0   0.03972        62       640         1    0.9999    0.9952    0.8157   0.04448  0.005783         0
   237/299     9.48G    0.0126  0.003613         0   0.01622        64       640         1    0.9999    0.9952    0.8189   0.04423  0.005779         0
   238/299     9.48G   0.01302  0.003247         0   0.01626        62       640    0.9999         1    0.9952    0.8004   0.04445  0.005746         0
   239/299     9.48G   0.01375  0.003369         0   0.01712        67       640         1    0.9999    0.9952    0.7923   0.04477  0.005727         0
   240/299     9.48G   0.01279  0.003213         0     0.016        60       640    0.9999         1    0.9952    0.8167   0.04445  0.005722         0
   241/299     9.48G     0.013  0.003089         0   0.01609        62       640    0.9999         1    0.9952    0.8232    0.0444  0.005694         0
   242/299     9.48G   0.01322  0.002902         0   0.01612        55       640    0.9999         1    0.9952    0.8132   0.04424  0.005684         0
   243/299     9.48G    0.0126  0.003303         0    0.0159        76       640         1         1    0.9952    0.8093   0.04487  0.005658         0
   244/299     9.48G   0.01324  0.003295         0   0.01654        64       640         1         1    0.9952    0.7889   0.04468  0.005668         0
   245/299     9.48G   0.01353  0.003375         0    0.0169        84       640         1         1    0.9952    0.7951   0.04511  0.005604         0
   246/299     9.48G   0.01312  0.003194         0   0.01631        60       640         1    0.9999    0.9952    0.8159   0.04536  0.005649         0
   247/299     9.48G   0.03597  0.003181         0   0.03916        62       640         1         1    0.9952    0.8069   0.04471  0.005642         0
   248/299     9.48G   0.03674  0.002773         0   0.03951        62       640         1    0.9999    0.9952    0.8087   0.04456  0.005675         0
   249/299     9.48G   0.03111  0.003229         0   0.03434        60       640         1    0.9999    0.9952    0.8086   0.04448  0.005663         0
   250/299     9.48G    0.0148  0.003216         0   0.01802        53       640         1         1    0.9953    0.7978    0.0447  0.005644         0
   251/299     9.48G   0.01219   0.00301         0    0.0152        58       640         1         1    0.9953    0.8155   0.04447  0.005647         0
   252/299     9.48G   0.03432  0.003373         0   0.03769        73       640         1    0.9999    0.9953    0.7833   0.04502  0.005662         0
   253/299     9.48G   0.01366  0.003159         0   0.01682        67       640         1         1    0.9953    0.8066   0.04483  0.005651         0
   254/299     9.48G   0.01287  0.003089         0   0.01596        68       640         1    0.9999    0.9953    0.8124   0.04495  0.005646         0
   255/299     9.48G   0.02268  0.003229         0   0.02591        65       640    0.9999         1    0.9953    0.8006   0.04476  0.005674         0
   256/299     9.48G   0.01228  0.003108         0   0.01539        64       640    0.9999         1    0.9953    0.8101   0.04472  0.005645         0
   257/299     9.48G   0.01247   0.00307         0   0.01554        65       640         1         1    0.9953    0.7959   0.04455  0.005608         0
   258/299     9.48G   0.01335   0.00311         0   0.01646        59       640         1         1    0.9953    0.8165   0.04476  0.005578         0
   259/299     9.48G   0.01226  0.003535         0    0.0158        60       640         1    0.9999    0.9953    0.8062   0.04435   0.00557         0
   260/299     9.48G   0.01266  0.003078         0   0.01574        70       640    0.9999         1    0.9953    0.8129   0.04461  0.005547         0
   261/299     9.48G   0.03766  0.002809         0   0.04047        62       640         1    0.9999    0.9953    0.8206   0.04539  0.005556         0
   262/299     9.48G   0.01316  0.003107         0   0.01627        55       640         1         1    0.9953    0.8047    0.0449  0.005554         0
   263/299     9.48G   0.01203  0.003275         0   0.01531        71       640         1    0.9999    0.9953    0.8166   0.04466  0.005561         0
   264/299     9.48G   0.01168  0.003304         0   0.01498        70       640         1         1    0.9953     0.805    0.0446  0.005549         0
   265/299     9.48G   0.03607  0.003076         0   0.03914        61       640    0.9999         1    0.9953    0.8074   0.04426   0.00556         0
   266/299     9.48G   0.01272  0.002857         0   0.01558        69       640    0.9999         1    0.9953    0.7951   0.04428  0.005592         0
   267/299     9.48G   0.05985  0.002775         0   0.06263        62       640         1         1    0.9953    0.8263   0.04434  0.005584         0
   268/299     9.48G   0.03497  0.002992         0   0.03796        65       640         1    0.9999    0.9953    0.8151   0.04403  0.005601         0
   269/299     9.48G   0.01103  0.003058         0   0.01409        60       640         1         1    0.9953    0.8044   0.04413  0.005598         0
   270/299     9.48G   0.01142  0.003014         0   0.01443        65       640    0.9999         1    0.9953     0.808    0.0439  0.005576         0
   271/299     9.48G    0.0351   0.00296         0   0.03806        70       640         1         1    0.9953    0.8084   0.04396  0.005546         0
   272/299     9.48G     0.012  0.002877         0   0.01488        62       640         1    0.9999    0.9953     0.816   0.04374  0.005566         0
   273/299     9.48G   0.03751  0.003456         0   0.04097        84       640         1    0.9999    0.9953    0.8031   0.04411  0.005607         0
   274/299     9.48G   0.01325  0.002851         0    0.0161        76       640         1         1    0.9953    0.7883   0.04406  0.005597         0
   275/299     9.48G   0.01309  0.002934         0   0.01602        65       640         1         1    0.9953    0.7942   0.04376  0.005592         0
   276/299     9.48G    0.0354  0.002969         0   0.03837        64       640         1    0.9999    0.9953    0.8128   0.04335  0.005585         0
   277/299     9.48G   0.03578  0.003176         0   0.03896        73       640         1         1    0.9953    0.8038   0.04323  0.005584         0
   278/299     9.48G   0.01228  0.002714         0   0.01499        68       640         1         1    0.9953    0.8127   0.04316  0.005612         0
   279/299     9.48G   0.05775  0.003016         0   0.06077        71       640    0.9999         1    0.9953    0.7931   0.04406  0.005601         0
   280/299     9.48G   0.01167  0.003103         0   0.01477        61       640         1         1    0.9953    0.8022   0.04399    0.0056         0
   281/299     9.48G   0.03497  0.002816         0   0.03779        64       640         1         1    0.9953    0.7957   0.04455  0.005592         0
   282/299     9.48G   0.01221  0.002796         0   0.01501        65       640         1    0.9999    0.9953    0.8162   0.04416  0.005592         0
   283/299     9.48G   0.01208  0.002791         0   0.01487        59       640         1         1    0.9953     0.819    0.0441  0.005643         0
   284/299     9.48G   0.01204  0.003214         0   0.01526        72       640    0.9999         1    0.9953    0.8253   0.04417  0.005635         0
   285/299     9.48G   0.01121  0.002966         0   0.01418        55       640         1         1    0.9953    0.8212   0.04437  0.005589         0
   286/299     9.48G   0.03472  0.003192         0   0.03791        76       640    0.9999         1    0.9953    0.8312   0.04453  0.005569         0
   287/299     9.48G   0.01148  0.002908         0   0.01439        67       640         1         1    0.9953    0.8255   0.04438  0.005577         0
   288/299     9.48G   0.03652  0.003206         0   0.03972        72       640    0.9999         1    0.9953    0.8189   0.04415  0.005581         0
   289/299     9.48G   0.01178  0.003016         0    0.0148        70       640         1         1    0.9953    0.8083   0.04416   0.00557         0
   290/299     9.48G   0.01178  0.003082         0   0.01486        60       640         1         1    0.9953    0.7987   0.04418  0.005554         0
   291/299     9.48G   0.01279  0.003065         0   0.01585        56       640         1         1    0.9953    0.8244   0.04415  0.005557         0
   292/299     9.48G    0.0356  0.002914         0   0.03851        68       640    0.9999         1    0.9953    0.8248   0.04391  0.005548         0
   293/299     9.48G   0.01139  0.003046         0   0.01444        66       640         1    0.9999    0.9953    0.8195   0.04398  0.005564         0
   294/299     9.48G   0.03609  0.002836         0   0.03893        56       640         1         1    0.9953    0.8223   0.04431  0.005537         0
   295/299     9.48G   0.01152  0.002964         0   0.01449        65       640         1         1    0.9953    0.8301   0.04436  0.005552         0
   296/299     9.48G   0.01126  0.002765         0   0.01403        65       640         1         1    0.9953    0.7976   0.04452  0.005562         0
   297/299     9.48G   0.01178  0.002671         0   0.01446        53       640    0.9999         1    0.9953    0.8023   0.04417  0.005573         0
   298/299     9.48G   0.03568  0.002665         0   0.03834        58       640         1         1    0.9953    0.8147   0.04446  0.005572         0
   299/299     9.48G   0.01283  0.002843         0   0.01567        55       640         1         1    0.9953    0.7965   0.04445  0.005599         0
