     0/599     1.52G   0.08248   0.01831         0    0.1008        41       640   0.01436   0.09877   0.00436  0.000883    0.1157   0.01454         0
     1/599     4.81G   0.07486   0.01241         0   0.08727        33       640    0.0354    0.2346   0.01781   0.00361   0.08677   0.01075         0
     2/599     6.43G   0.07002  0.009118         0   0.07914        34       640   0.02727   0.06173  0.009478  0.002025   0.09651  0.008874         0
     3/599     6.43G   0.06675  0.007724         0   0.07447        28       640   0.07016    0.1358    0.0311  0.005099   0.08712  0.008184         0
     4/599     6.43G   0.06469  0.007074         0   0.07176        24       640   0.09331   0.06173   0.02668  0.005014   0.09102  0.007916         0
     5/599     6.43G   0.06089  0.006869         0   0.06776        26       640   0.06814    0.5309   0.05626   0.01155   0.08461  0.008079         0
     6/599     6.43G   0.05927  0.006798         0   0.06607        27       640     0.148    0.2963   0.09782   0.02629   0.07758    0.0078         0
     7/599     6.43G   0.05756  0.007112         0   0.06467        31       640    0.1606    0.4301    0.1214   0.04234   0.07597  0.008098         0
     8/599     6.43G   0.05578  0.006616         0   0.06239        29       640    0.2611    0.6173    0.2426   0.07871   0.07141   0.00823         0
     9/599     6.43G   0.05406  0.006821         0   0.06088        27       640    0.2668    0.5661    0.2478   0.07222   0.06889  0.008013         0
    10/599     6.43G    0.0573  0.006798         0    0.0641        35       640    0.3417    0.4935    0.3081     0.118   0.06747  0.007924         0
    11/599     6.43G   0.05352  0.007026         0   0.06055        43       640     0.355    0.4568    0.3175    0.1362   0.06393   0.00822         0
    12/599     6.43G    0.0516   0.00676         0   0.05836        29       640    0.5139    0.3827    0.4362    0.2236   0.06553  0.007891         0
    13/599     6.43G   0.04892  0.006518         0   0.05544        23       640    0.5851    0.3704     0.453    0.2207   0.06538  0.008063         0
    14/599     6.43G   0.04724  0.006873         0   0.05411        32       640    0.5771    0.3538     0.468    0.2492   0.06365  0.008216         0
    15/599     6.43G   0.04864  0.006873         0   0.05551        39       640    0.4921    0.3827    0.4118    0.2294   0.06146  0.008514         0
    16/599     6.43G   0.05038  0.006318         0    0.0567        32       640     0.478     0.407    0.4125    0.2256   0.06016  0.008352         0
    17/599     6.43G   0.04635  0.006497         0   0.05285        34       640    0.3712    0.4444    0.3591    0.1965   0.05684  0.008683         0
    18/599     6.43G   0.04789  0.006071         0   0.05396        36       640    0.2997    0.4074    0.3041     0.163   0.05755  0.008761         0
    19/599     6.43G   0.04358  0.006682         0   0.05026        41       640     0.325    0.5432    0.2977    0.1753   0.05404  0.008849         0
    20/599     6.43G   0.04027  0.006163         0   0.04643        27       640    0.3737     0.716     0.351    0.1964   0.05362  0.008307         0
    21/599     6.43G   0.03843  0.006433         0   0.04486        31       640    0.3998    0.6914    0.3774    0.2249   0.05489  0.007942         0
    22/599     6.43G    0.0375  0.005715         0   0.04322        23       640    0.4339    0.4938    0.3499    0.1953   0.05693  0.007879         0
    23/599     6.43G   0.04282  0.006057         0   0.04888        42       640    0.3874    0.4938    0.3687    0.2338   0.06111  0.008158         0
    24/599     6.43G   0.03021  0.006218         0   0.03642        29       640    0.4015    0.5802     0.398    0.2349   0.06114  0.008205         0
    25/599     6.43G   0.03963  0.006329         0   0.04596        41       640    0.6327    0.4691    0.5356    0.2899   0.06023   0.00779         0
    26/599     6.43G   0.03129  0.005901         0   0.03719        29       640    0.6124    0.4938    0.5764    0.3509   0.05399  0.007876         0
    27/599     6.43G   0.03921  0.005483         0   0.04469        24       640    0.6105     0.642    0.6663     0.437   0.05331  0.007898         0
    28/599     6.43G   0.03179  0.005691         0   0.03749        26       640    0.6913    0.6912    0.7268    0.4528   0.05226  0.007851         0
    29/599     6.43G   0.03434  0.005749         0   0.04009        36       640    0.8473    0.6296    0.8058    0.5023    0.0527  0.007293         0
    30/599     6.43G   0.03452  0.005251         0   0.03977        34       640    0.7791    0.7401    0.8305    0.5342   0.05363  0.006736         0
    31/599     6.43G   0.02973  0.005442         0   0.03517        26       640    0.8035    0.7654    0.8556    0.5962   0.05258  0.006759         0
    32/599     6.43G   0.03463  0.005495         0   0.04013        26       640    0.8625    0.8515    0.8924    0.6071    0.0526  0.006571         0
    33/599     6.43G   0.04232  0.005283         0    0.0476        27       640     0.925    0.7654    0.8977    0.6201   0.05105  0.006638         0
    34/599     6.43G   0.03335  0.005016         0   0.03836        26       640    0.8998    0.8889    0.9375    0.6605   0.05082  0.006708         0
    35/599     6.43G   0.03567  0.004976         0   0.04065        28       640    0.9091    0.8642    0.9342    0.6308   0.05018  0.006656         0
    36/599     6.43G   0.02096  0.005218         0   0.02618        32       640    0.9466    0.8761    0.9557    0.6061   0.05124  0.006168         0
    37/599     6.43G   0.02463   0.00433         0   0.02897        20       640    0.9718    0.8509    0.9518      0.62   0.05188  0.006016         0
    38/599     6.43G   0.02049  0.004782         0   0.02527        33       640    0.9461    0.8765     0.945    0.6731   0.05058  0.006017         0
    39/599     6.43G     0.026  0.004409         0   0.03041        30       640     0.904    0.9383    0.9553    0.6397   0.05065  0.006307         0
    40/599     6.43G    0.0331  0.004659         0   0.03776        32       640    0.9592    0.8765    0.9525    0.6328   0.05017  0.005873         0
    41/599     6.43G   0.03321  0.004513         0   0.03773        33       640    0.9367    0.9134    0.9639    0.6651   0.04872  0.006037         0
    42/599     6.43G   0.04833  0.006015         0   0.05435        31       640  0.004985   0.02469 0.0003346 5.469e-05    0.1119   0.01437         0
    43/599     6.43G   0.04157  0.006299         0   0.04787        41       640  0.002909   0.04938 0.0001766 2.007e-05    0.1091  0.009367         0
    44/599     6.43G   0.04156   0.00614         0    0.0477        24       640   0.07616   0.04938   0.02152    0.0117    0.1019  0.008051         0
    45/599     6.43G   0.04563  0.006081         0   0.05171        32       640    0.0478   0.04938  0.003475 0.0008005    0.1115  0.008985         0
    46/599     6.43G   0.04554  0.006727         0   0.05227        32       640  0.001413   0.09877  0.000225 4.886e-05    0.1199  0.008167         0
    47/599     6.43G   0.04208  0.006486         0   0.04857        39       640  0.006877    0.2346   0.00317 0.0006178    0.1064  0.008873         0
    48/599     6.43G   0.05443  0.006771         0    0.0612        29       640   0.05598   0.08642    0.0151  0.002673    0.1145   0.01289         0
    49/599     6.43G   0.05926  0.006718         0   0.06598        30       640  0.006086    0.1605  0.001802 0.0002408    0.1143  0.007348         0
    50/599     6.43G   0.05927  0.006721         0   0.06599        26       640    0.1366    0.1852     0.104   0.04663    0.1086  0.008027         0
    51/599     6.44G   0.05689  0.006735         0   0.06362        39       640    0.2393    0.3923    0.1713   0.08487    0.1004  0.008801         0
    52/599     6.44G   0.05074  0.006795         0   0.05754        28       640     0.459    0.2933    0.2548    0.1353   0.08906  0.008188         0
    53/599     6.44G   0.06186  0.006663         0   0.06852        31       640    0.4989   0.03704   0.02785   0.01068    0.1031   0.02061         0
    54/599     6.44G   0.04115   0.00637         0   0.04752        31       640    0.2304   0.08642   0.07002   0.04038       0.1   0.01166         0
    55/599     6.44G    0.0398  0.006331         0   0.04613        34       640    0.6867     0.358    0.3775    0.1964   0.07625  0.009056         0
    56/599     6.44G   0.04243  0.006269         0    0.0487        32       640    0.4584    0.3704    0.3694     0.221   0.07189  0.008616         0
    57/599     6.44G   0.03817  0.006649         0   0.04482        41       640    0.5626    0.4444    0.4474    0.2619   0.07573  0.008214         0
    58/599     6.44G   0.04842  0.006456         0   0.05488        34       640     0.656    0.4568    0.4797    0.2401   0.07687  0.008007         0
    59/599     6.44G   0.03574  0.006381         0   0.04212        34       640    0.7601    0.4321    0.5323    0.2914   0.07554  0.007757         0
    60/599     6.44G   0.04283  0.006473         0   0.04931        32       640    0.6334    0.4906    0.5264    0.2654   0.07058  0.007944         0
    61/599     6.44G   0.03035  0.006192         0   0.03654        26       640    0.5705    0.5309    0.5188    0.2371   0.06964  0.007606         0
    62/599     6.44G   0.03321  0.006339         0   0.03955        35       640    0.5981    0.5556    0.5621    0.3184   0.06213  0.007632         0
    63/599     6.44G   0.03601  0.006164         0   0.04218        32       640    0.5087    0.5802    0.5675    0.3145   0.05945  0.007579         0
    64/599     6.44G   0.02446  0.006073         0   0.03053        30       640    0.5692    0.6543    0.6457    0.4033    0.0558  0.007519         0
    65/599     6.44G    0.0337  0.006184         0   0.03988        30       640    0.5966     0.679    0.6659    0.3549   0.05862  0.007363         0
    66/599     6.44G   0.04648  0.005723         0   0.05221        27       640    0.7175    0.5679     0.691     0.368   0.06056  0.007375         0
    67/599     6.44G   0.03584   0.00626         0    0.0421        29       640    0.8593    0.4568    0.5578    0.3176   0.06741  0.007666         0
    68/599     6.44G   0.03278  0.006002         0   0.03878        27       640    0.7122    0.4321    0.5267    0.3111    0.0654  0.007658         0
    69/599     6.44G    0.0338  0.005867         0   0.03966        27       640    0.7555    0.3827    0.4606    0.2392   0.06382   0.00784         0
    70/599     6.44G   0.04743  0.005936         0   0.05336        28       640    0.4315    0.4321    0.3636    0.2219   0.07153  0.008327         0
    71/599     6.44G   0.04051  0.006329         0   0.04684        26       640    0.3011    0.3936    0.2282    0.1201    0.0811  0.008736         0
    72/599     6.44G   0.03238  0.006215         0   0.03859        33       640    0.5406     0.321    0.3592    0.1992   0.07028  0.007975         0
    73/599     6.44G   0.04702  0.006097         0   0.05312        29       640    0.3204    0.6296    0.4456    0.2767    0.0672  0.008353         0
    74/599     6.44G   0.03328   0.00663         0   0.03991        35       640     0.555    0.4321    0.5229    0.3073   0.06417  0.007904         0
    75/599     6.44G    0.0277  0.006085         0   0.03379        40       640    0.6284    0.4074    0.5105     0.304   0.07316  0.007457         0
    76/599     6.44G   0.04098   0.00598         0   0.04697        33       640    0.3987    0.4444     0.392    0.2592   0.07535  0.007626         0
    77/599     6.44G   0.04012  0.005838         0   0.04596        25       640    0.6311    0.3827    0.4536      0.28   0.08584  0.007469         0
    78/599     6.44G   0.03463  0.006104         0   0.04073        29       640    0.4647    0.4198     0.429    0.2369    0.0839  0.007547         0
    79/599     6.44G   0.04633  0.006612         0   0.05294        34       640    0.3107    0.3457    0.2491    0.1383   0.06681  0.008319         0
    80/599     6.44G   0.03971  0.006159         0   0.04587        32       640    0.1883    0.2205   0.08745   0.03564   0.06966  0.008408         0
    81/599     6.44G   0.05148  0.006179         0   0.05766        27       640  0.003388   0.01235 0.0002694 3.577e-05   0.09833   0.01918         0
    82/599     6.44G   0.04942  0.006806         0   0.05622        31       640    0.1122    0.1481   0.04276   0.01664    0.1065   0.01193         0
    83/599     6.44G   0.04805  0.006425         0   0.05447        37       640    0.2949    0.2963    0.1327   0.05341   0.09606      0.01         0
    84/599     6.44G   0.05059  0.006675         0   0.05726        32       640   0.01476   0.02469 0.0009035 0.0001056    0.1212   0.01633         0
    85/599     6.44G   0.04329   0.00649         0   0.04978        32       640   0.01135   0.02469  0.001145 0.0001851    0.1172  0.007673         0
    86/599     6.44G   0.04451  0.006331         0   0.05085        32       640   0.04077    0.1235    0.0117  0.002815   0.09837  0.008485         0
    87/599     6.44G   0.05727  0.006938         0   0.06421        32       640  0.002721   0.01235 5.036e-05 9.572e-06    0.1206   0.01426         0
    88/599     6.44G   0.05401  0.006176         0   0.06019        30       640 0.0007998   0.01235 4.182e-05 7.524e-06    0.1337   0.01371         0
    89/599     6.44G   0.04313  0.006373         0    0.0495        26       640   0.00325    0.2222  0.001093 0.0001765    0.1058  0.008844         0
    90/599     6.44G   0.04085  0.006184         0   0.04703        35       640    0.1569    0.1728   0.05588   0.01911   0.08854   0.01338         0
    91/599     6.44G   0.03452  0.006527         0   0.04105        26       640    0.1903    0.2469   0.09245   0.03885    0.1009   0.01456         0
    92/599     6.44G   0.04764   0.00641         0   0.05405        36       640    0.3981    0.2222    0.2272     0.117   0.09348   0.01059         0
    93/599     6.44G   0.04836  0.006477         0   0.05484        23       640    0.5127    0.4546    0.4373    0.2306   0.08988  0.008454         0
    94/599     6.44G   0.04433  0.006082         0   0.05041        29       640    0.1129    0.1728   0.08715   0.04519   0.09669  0.009319         0
    95/599     6.44G   0.03556  0.006984         0   0.04254        34       640    0.2295     0.456    0.1862    0.1022   0.09492  0.008011         0
    96/599     6.44G   0.03922   0.00658         0    0.0458        33       640    0.2301    0.3951    0.2383    0.1286   0.09728  0.007705         0
    97/599     6.44G   0.03388  0.006212         0   0.04009        23       640    0.7457    0.3333     0.457     0.268   0.09185  0.007277         0
    98/599     6.44G   0.03882  0.006233         0   0.04506        25       640    0.6388    0.4815    0.5254    0.3276   0.09092  0.007455         0
    99/599     6.44G   0.03178  0.006136         0   0.03792        28       640    0.7099    0.5185     0.633    0.3889   0.08966  0.007156         0
   100/599     6.44G   0.03096  0.005773         0   0.03673        22       640    0.6943    0.6173    0.6786    0.4104   0.08911  0.006815         0
   101/599     6.44G   0.03689  0.006035         0   0.04292        31       640    0.6603    0.6296    0.6766    0.3734   0.08913  0.006738         0
   102/599     6.44G   0.03621  0.005612         0   0.04182        34       640    0.7149     0.716    0.7255    0.4398    0.0887  0.006414         0
   103/599     6.44G   0.03438  0.006165         0   0.04055        29       640    0.8722    0.5062    0.6948    0.4142   0.08903  0.006518         0
   104/599     6.44G   0.04857  0.005925         0   0.05449        34       640    0.8232    0.5185    0.6976    0.4399   0.08868  0.006717         0
   105/599     6.44G   0.04094  0.005838         0   0.04678        36       640    0.7336    0.5802    0.7026    0.4568   0.08791  0.006717         0
   106/599     6.44G   0.03099   0.00578         0   0.03677        33       640    0.7961    0.5784    0.6924    0.4898   0.08703   0.00678         0
   107/599     6.44G    0.0344    0.0058         0    0.0402        27       640    0.7453     0.542    0.6841    0.4589   0.08697  0.006657         0
   108/599     6.44G   0.03875  0.005691         0   0.04444        31       640    0.8269    0.5308    0.6689    0.4523   0.08756  0.006621         0
   109/599     6.44G   0.03377  0.005175         0   0.03895        41       640    0.8233    0.5177    0.6663     0.453   0.08707   0.00665         0
   110/599     6.44G   0.02806   0.00534         0    0.0334        35       640    0.6776    0.7284    0.7458     0.516   0.08499  0.006655         0
   111/599     6.44G   0.03034  0.005453         0   0.03579        29       640    0.7886     0.691     0.773    0.5162    0.0848  0.006698         0
   112/599     6.44G   0.04378  0.005106         0   0.04889        31       640    0.7484     0.679    0.7286    0.4947   0.08559  0.006622         0
   113/599     6.44G   0.03181  0.005126         0   0.03694        34       640    0.7311    0.6378    0.7233    0.4871   0.08533  0.006615         0
   114/599     6.44G   0.02875  0.005322         0   0.03408        27       640    0.7224    0.6173    0.6849    0.4436   0.08599  0.006754         0
   115/599     6.44G   0.02374  0.005554         0    0.0293        37       640    0.8031    0.6049    0.7199    0.4771   0.08595  0.006562         0
   116/599     6.44G   0.02757  0.005504         0   0.03308        34       640    0.7935    0.6667     0.721     0.473   0.08642  0.006477         0
   117/599     6.44G   0.03164  0.005609         0   0.03725        36       640     0.768    0.6539    0.7314    0.5037   0.08478  0.006503         0
   118/599     6.44G   0.02204  0.004772         0   0.02681        31       640    0.8136    0.7037    0.8009    0.5717    0.0833  0.006318         0
   119/599     6.44G   0.04199  0.005052         0   0.04704        25       640    0.6434    0.8025    0.7382    0.5011   0.08499  0.006444         0
   120/599     6.44G   0.02685  0.005186         0   0.03203        34       640    0.7425     0.716    0.7636    0.5186   0.08447  0.006395         0
   121/599     6.44G   0.03121  0.005408         0   0.03661        25       640    0.7272      0.79     0.774    0.5149   0.08418  0.006376         0
   122/599     6.44G   0.02677  0.004943         0   0.03171        29       640    0.7417    0.7091     0.776    0.5536   0.08479  0.006507         0
   123/599     6.44G   0.02187  0.005116         0   0.02698        28       640    0.7702    0.7035    0.7678    0.5214    0.0844  0.006471         0
   124/599     6.44G    0.0227  0.004871         0   0.02757        24       640    0.8251    0.7037    0.7895    0.5504   0.08412  0.006374         0
   125/599     6.44G   0.02623  0.005238         0   0.03146        27       640    0.9137    0.6536    0.7908     0.544   0.08409  0.006243         0
   126/599     6.44G   0.03104  0.005123         0   0.03616        36       640    0.8105    0.7407    0.8311    0.5631    0.0849  0.005992         0
   127/599     6.44G   0.03058  0.005212         0   0.03579        23       640     0.831    0.7283    0.8368     0.562   0.08439   0.00586         0
   128/599     6.44G    0.0257  0.004816         0   0.03052        36       640    0.7496     0.776    0.8289    0.5562   0.08374  0.005801         0
   129/599     6.44G   0.02624  0.004939         0   0.03118        25       640    0.9009     0.679    0.8414    0.5392   0.08441  0.005756         0
   130/599     6.44G   0.03025  0.005098         0   0.03535        35       640    0.8803    0.7266    0.8295    0.5423   0.08418  0.005836         0
   131/599     6.44G   0.02974  0.005064         0   0.03481        36       640    0.8763    0.7901    0.8692     0.577   0.08308  0.005768         0
   132/599     6.44G   0.02121  0.004987         0    0.0262        31       640    0.8983    0.7654    0.8773    0.5866   0.08207  0.005869         0
   133/599     6.44G   0.03008   0.00506         0   0.03514        29       640     0.884    0.7526    0.8623    0.5814   0.08172  0.005939         0
   134/599     6.44G   0.02551  0.004655         0   0.03017        31       640    0.8982    0.7654    0.8791    0.5998   0.08192  0.005848         0
   135/599     6.44G   0.03384  0.005005         0   0.03885        29       640     0.784    0.8514    0.8759    0.5892   0.08282  0.005861         0
   136/599     6.44G   0.02812  0.004858         0   0.03298        31       640    0.8374    0.7654    0.8411    0.5817   0.08147  0.006165         0
   137/599     6.44G   0.02754  0.004662         0    0.0322        30       640    0.9298    0.6543    0.8024    0.5639   0.08238  0.005978         0
   138/599     6.44G   0.02552  0.004926         0   0.03044        22       640     0.927    0.6296    0.7902    0.5536   0.08254  0.005877         0
   139/599     6.44G   0.02548  0.004962         0   0.03044        22       640    0.7499    0.7775    0.8302    0.5761   0.08218  0.005691         0
   140/599     6.44G   0.02541  0.004751         0   0.03017        33       640    0.8983    0.7638    0.8626     0.592   0.08222  0.005556         0
   141/599     6.44G   0.02911  0.004938         0   0.03405        32       640     0.909    0.7403    0.8755    0.6102   0.08179   0.00561         0
   142/599     6.44G   0.03242  0.004761         0   0.03718        31       640    0.9333     0.691    0.8612    0.6018   0.08122  0.005712         0
   143/599     6.44G   0.02507   0.00506         0   0.03013        29       640    0.8248    0.8137    0.8605    0.6087   0.08133   0.00577         0
   144/599     6.44G    0.0342  0.004698         0    0.0389        25       640    0.8714    0.7528    0.8681    0.5989   0.08224  0.005761         0
   145/599     6.44G   0.02003  0.004358         0   0.02438        28       640    0.8748    0.7778    0.8717    0.6117    0.0824   0.00568         0
   146/599     6.44G   0.02066  0.004821         0   0.02548        32       640    0.8933    0.8266    0.8972    0.6205   0.08224  0.005712         0
   147/599     6.44G   0.03715  0.004762         0   0.04191        23       640    0.9054     0.827    0.9036    0.6237   0.08096  0.005789         0
   148/599     6.44G   0.02006  0.004625         0   0.02469        26       640    0.8781    0.8002    0.8897    0.6011   0.08194  0.005774         0
   149/599     6.44G   0.02809  0.004604         0    0.0327        35       640      0.85    0.8393    0.8927    0.6143   0.08153  0.005745         0
   150/599     6.44G    0.0234  0.004568         0   0.02797        25       640    0.7999    0.8883    0.8952    0.6268   0.08112  0.005713         0
   151/599     6.44G   0.02449  0.004615         0    0.0291        26       640    0.8508    0.8519    0.8772    0.6053   0.08016  0.005925         0
   152/599     6.44G   0.03346  0.005033         0   0.03849        36       640    0.8139    0.8642    0.8813    0.6306   0.07908  0.005966         0
   153/599     6.44G   0.02425  0.004662         0   0.02891        33       640     0.837    0.8272    0.8931    0.6109   0.07981  0.006055         0
   154/599     6.44G   0.01906  0.004587         0   0.02364        32       640       0.9    0.7778    0.8936    0.6303   0.07965  0.005852         0
   155/599     6.44G   0.02935  0.004746         0   0.03409        35       640    0.8552    0.8765    0.9146    0.6596    0.0788  0.005722         0
   156/599     6.44G   0.02849  0.004785         0   0.03327        34       640    0.8395    0.8393    0.9008    0.6292   0.07944  0.005855         0
   157/599     6.44G   0.02919  0.004647         0   0.03384        28       640     0.938    0.7531    0.8861    0.6151   0.07919  0.005769         0
   158/599     6.44G   0.02868  0.004677         0   0.03336        37       640    0.8668    0.8272    0.8987    0.6402   0.07799  0.005832         0
   159/599     6.44G   0.01834  0.004666         0     0.023        34       640    0.9153    0.8148     0.915    0.6182   0.07812  0.005857         0
   160/599     6.44G   0.02939  0.004586         0   0.03398        30       640    0.9054    0.8269    0.9102    0.6443   0.07841  0.005691         0
   161/599     6.44G   0.02351  0.004592         0   0.02811        38       640    0.9536    0.7654    0.8778    0.6333   0.07828  0.005742         0
   162/599     6.44G   0.02434  0.004696         0   0.02904        27       640    0.9524    0.7407    0.8841    0.6393   0.07941  0.005651         0
   163/599     6.44G   0.02376  0.004611         0   0.02837        35       640    0.9139    0.7901    0.8915    0.6293   0.07967  0.005655         0
   164/599     6.44G   0.03243  0.004435         0   0.03687        33       640       0.9    0.7775    0.8981     0.643   0.07988  0.005579         0
   165/599     6.44G   0.02805   0.00459         0   0.03264        36       640    0.8703    0.8395    0.9084    0.6561   0.07922  0.005529         0
   166/599     6.44G   0.01785  0.004312         0   0.02216        30       640    0.8624    0.8511    0.9123    0.6679   0.07913  0.005415         0
   167/599     6.44G   0.02811  0.004486         0    0.0326        27       640    0.9678    0.7531    0.8895    0.6473    0.0787   0.00559         0
   168/599     6.44G    0.0393   0.00451         0   0.04381        31       640    0.9512    0.7284    0.8775    0.6466   0.07775  0.005727         0
   169/599     6.44G   0.02285  0.004373         0   0.02723        35       640    0.9687    0.7644     0.895    0.6486   0.07858  0.005703         0
   170/599     6.44G   0.02259  0.004605         0   0.02719        30       640    0.9175    0.8272    0.9077    0.6393   0.07911  0.005772         0
   171/599     6.44G   0.03234   0.00435         0   0.03669        33       640    0.9289    0.8272    0.9001     0.653   0.07908  0.005822         0
   172/599     6.44G   0.01809  0.004476         0   0.02257        34       640    0.8999    0.7778    0.8839    0.6442    0.0791  0.005713         0
   173/599     6.44G   0.02749  0.004232         0   0.03173        29       640    0.8932    0.8272    0.8956    0.6608    0.0786  0.005588         0
   174/599     6.44G   0.02686  0.004452         0   0.03131        28       640    0.9543    0.7778    0.9014    0.6587   0.07802  0.005601         0
   175/599     6.44G   0.03563  0.004367         0      0.04        30       640    0.9689    0.7778    0.9065     0.669   0.07812  0.005491         0
   176/599     6.44G     0.027  0.004389         0   0.03138        32       640    0.8933     0.827    0.9219      0.68    0.0788  0.005628         0
   177/599     6.44G   0.02791  0.004087         0     0.032        32       640     0.896    0.8519    0.9298    0.6865   0.07769  0.005752         0
   178/599     6.44G     0.018  0.004289         0   0.02229        32       640    0.9052    0.8272    0.9066    0.6663   0.07723  0.005806         0
   179/599     6.44G   0.02194  0.004416         0   0.02636        29       640    0.9426    0.8148     0.905    0.6583   0.07744  0.005705         0
   180/599     6.44G   0.02783  0.004411         0   0.03224        31       640    0.9295    0.8148    0.9093    0.6701   0.07726  0.005677         0
   181/599     6.44G   0.02228  0.004222         0    0.0265        19       640    0.9285    0.8148    0.9034    0.6605   0.07731  0.005652         0
   182/599     6.44G   0.01769  0.004319         0   0.02201        23       640    0.9692    0.7776    0.8934    0.6516   0.07792  0.005668         0
   183/599     6.44G   0.03191  0.004322         0   0.03623        33       640    0.9253    0.7651    0.8681    0.6386   0.07781  0.005706         0
   184/599     6.44G   0.01727  0.004432         0    0.0217        39       640    0.9571    0.8271    0.9182    0.6724   0.07658  0.005616         0
   185/599     6.44G   0.02265  0.004611         0   0.02726        33       640    0.9437    0.8272     0.915    0.6786   0.07599  0.005768         0
   186/599     6.44G   0.03747  0.004281         0   0.04175        27       640    0.9408    0.7901      0.89    0.6554   0.07658  0.005943         0
   187/599     6.44G    0.0328  0.004092         0    0.0369        31       640    0.9155    0.8024    0.8999    0.6582   0.07565  0.005835         0
   188/599     6.44G   0.01779  0.004035         0   0.02182        31       640    0.8633    0.8642    0.9072    0.6762   0.07557  0.005835         0
   189/599     6.44G   0.02608  0.003923         0      0.03        25       640    0.9437     0.827    0.9173    0.6703   0.07575  0.005693         0
   190/599     6.44G   0.03237  0.004287         0   0.03665        33       640    0.9451    0.8519    0.9174    0.6771   0.07671  0.005545         0
   191/599     6.44G   0.01743  0.004374         0   0.02181        30       640    0.9444    0.8395    0.9084    0.6513    0.0772  0.005601         0
   192/599     6.44G   0.02252  0.003913         0   0.02643        35       640    0.9285    0.8018    0.8962    0.6435   0.07814  0.005746         0
   193/599     6.44G   0.01764  0.004086         0   0.02173        30       640    0.9176    0.8272    0.9089    0.6707   0.07749  0.005733         0
   194/599     6.44G   0.01691  0.003928         0   0.02084        33       640    0.8016    0.8025    0.8806    0.6563   0.07709  0.005916         0
   195/599     6.44G   0.02277  0.004542         0   0.02731        46       640    0.8641    0.7901    0.9033    0.6593   0.07717  0.005738         0
   196/599     6.44G   0.02605  0.003854         0    0.0299        25       640    0.9831    0.7531    0.9211    0.6708   0.07705  0.005595         0
   197/599     6.44G    0.0172  0.004137         0   0.02133        33       640    0.9269    0.8025    0.9103    0.6598   0.07704  0.005447         0
   198/599     6.44G    0.0341  0.004374         0   0.03847        36       640    0.9394    0.7651    0.8981    0.6507   0.07712  0.005401         0
   199/599     6.44G   0.02736  0.004114         0   0.03147        39       640     0.942    0.8024    0.8979    0.6677   0.07712  0.005413         0
   200/599     6.44G   0.01648  0.004101         0   0.02058        32       640    0.8814    0.8272    0.9088    0.6648   0.07797  0.005367         0
   201/599     6.44G    0.0217  0.004546         0   0.02625        38       640    0.9426    0.8148    0.9179    0.6614   0.07802  0.005352         0
   202/599     6.44G   0.02732  0.004169         0   0.03149        29       640    0.9324    0.8516    0.9339    0.6782   0.07836   0.00522         0
   203/599     6.44G   0.02156  0.003917         0   0.02547        22       640    0.9548    0.7901    0.9241    0.6606   0.07821  0.005148         0
   204/599     6.44G   0.03629   0.00403         0   0.04032        25       640    0.8399    0.8519    0.9146    0.6611    0.0781   0.00522         0
   205/599     6.44G   0.03129  0.004194         0   0.03548        30       640       0.8    0.8393    0.8925    0.6535   0.07795   0.00522         0
   206/599     6.44G   0.02115  0.004028         0   0.02518        32       640    0.9114    0.7654     0.909    0.6589    0.0776  0.005166         0
   207/599     6.44G   0.02628  0.004237         0   0.03051        36       640    0.9187    0.8395    0.9128    0.6601   0.07754  0.005287         0
   208/599     6.44G   0.02574  0.004018         0   0.02976        30       640     0.883    0.8389    0.9215    0.6426   0.07789  0.005241         0
   209/599     6.44G   0.02654  0.004202         0   0.03074        29       640    0.9066    0.8386    0.9238    0.6494   0.07841  0.005173         0
   210/599     6.44G   0.02633  0.004333         0   0.03066        40       640    0.9065    0.8395    0.9223    0.6676   0.07858  0.005149         0
   211/599     6.44G   0.02359  0.003666         0   0.02725        28       640    0.8974    0.8642    0.9298    0.6403   0.07842  0.004928         0
   212/599     6.44G   0.02559  0.003952         0   0.02954        38       640    0.9436    0.8269     0.919     0.664   0.07751  0.005035         0
   213/599     6.44G   0.03486  0.003669         0   0.03853        27       640    0.9565    0.8146    0.9023    0.6441   0.07785  0.005229         0
   214/599     6.44G   0.02692  0.004081         0     0.031        24       640    0.9143    0.7901    0.9044    0.6464   0.07861  0.005239         0
   215/599     6.44G   0.03129  0.003965         0   0.03525        37       640    0.9538    0.7654    0.8984    0.6699   0.07853  0.005061         0
   216/599     6.44G   0.03039  0.003663         0   0.03405        26       640    0.9841    0.7652    0.9134    0.6777   0.07811  0.005216         0
   217/599     6.44G   0.01675  0.004165         0   0.02091        36       640    0.8918    0.8137     0.903    0.6561   0.07804   0.00522         0
   218/599     6.44G   0.01654  0.003657         0    0.0202        31       640    0.9066    0.8392     0.923    0.6714   0.07751  0.005211         0
   219/599     6.44G   0.02082  0.004038         0   0.02486        27       640    0.9846      0.79    0.9263    0.6826   0.07693  0.005218         0
   220/599     6.44G   0.03086  0.003971         0   0.03484        38       640     0.823    0.8642    0.9122    0.6685   0.07746  0.005219         0
   221/599     6.44G   0.02549  0.003834         0   0.02932        24       640    0.8451    0.8765    0.9184    0.6694   0.07754  0.005119         0
   222/599     6.44G   0.02085  0.003852         0    0.0247        25       640    0.9444    0.8394    0.9321    0.6986   0.07826  0.004942         0
   223/599     6.44G   0.02545  0.004018         0   0.02947        30       640    0.9716    0.8519    0.9334    0.7073   0.07816  0.004928         0
   224/599     6.44G   0.02053  0.003676         0    0.0242        30       640    0.9458    0.8642    0.9361    0.6964   0.07812  0.004913         0
   225/599     6.44G   0.03105  0.004177         0   0.03523        28       640      0.92    0.8517    0.9246    0.6693   0.07764  0.004902         0
   226/599     6.44G   0.01542  0.003814         0   0.01924        24       640    0.8554    0.8764    0.9193    0.6868   0.07674  0.004935         0
   227/599     6.44G   0.02987  0.004045         0   0.03392        27       640    0.8814    0.8272    0.9111    0.6932   0.07601  0.005242         0
   228/599     6.44G   0.02498  0.003844         0   0.02883        25       640    0.9846    0.8025      0.95    0.7086   0.07654  0.005113         0
   229/599     6.44G   0.02994  0.003554         0   0.03349        22       640    0.8999    0.8889    0.9568    0.7202   0.07663  0.005066         0
   230/599     6.44G   0.02084  0.003925         0   0.02477        33       640    0.9349    0.8889    0.9628    0.7005   0.07722   0.00502         0
   231/599     6.44G   0.02004  0.004005         0   0.02405        24       640     0.924    0.9012    0.9629    0.6746   0.07712  0.005113         0
   232/599     6.44G   0.02503  0.003971         0     0.029        30       640    0.9008    0.9012    0.9473    0.6736    0.0764  0.005143         0
   233/599     6.44G   0.02454  0.003988         0   0.02853        37       640    0.9706    0.8148    0.9331    0.6805   0.07547  0.005103         0
   234/599     6.44G   0.01961  0.003684         0   0.02329        34       640    0.9436    0.8268    0.9161    0.6685   0.07544  0.005212         0
   235/599     6.44G   0.02504  0.004023         0   0.02907        22       640    0.8869    0.7778    0.8967    0.6517   0.07619   0.00537         0
   236/599     6.44G   0.02989  0.003844         0   0.03373        32       640    0.8939    0.7278    0.8885    0.6433   0.07643  0.005396         0
   237/599     6.44G   0.02537  0.003824         0    0.0292        28       640    0.8939    0.7283    0.8873    0.6472   0.07603  0.005445         0
   238/599     6.44G   0.01552  0.003728         0   0.01925        25       640    0.9278    0.8025    0.9176    0.6814   0.07568    0.0053         0
   239/599     6.44G    0.0211  0.003791         0   0.02489        29       640    0.9544    0.8025    0.9244       0.7    0.0756  0.005268         0
   240/599     6.44G   0.02938  0.003709         0   0.03309        28       640    0.9428    0.8146    0.9318    0.6967   0.07555   0.00523         0
   241/599     6.44G   0.02425  0.003753         0     0.028        28       640    0.8705    0.8395    0.9205    0.6836   0.07576  0.005237         0
   242/599     6.44G   0.03552  0.003639         0   0.03916        27       640    0.9565    0.8137     0.927    0.6983    0.0757  0.005194         0
   243/599     6.44G   0.02043  0.004021         0   0.02445        32       640    0.9231    0.8887    0.9421    0.6919   0.07617  0.005207         0
   244/599     6.44G   0.02045  0.003859         0   0.02431        25       640    0.8997    0.8889    0.9393    0.7018   0.07684   0.00513         0
   245/599     6.44G    0.0364  0.003612         0   0.04002        31       640    0.9253    0.7649    0.9192    0.6642   0.07714  0.005014         0
   246/599     6.44G   0.02091  0.003536         0   0.02444        31       640    0.8254    0.8757    0.9222    0.6763   0.07723  0.004883         0
   247/599     6.44G   0.01536  0.003745         0    0.0191        32       640    0.7755    0.9381    0.9138    0.6683   0.07708  0.004891         0
   248/599     6.44G   0.02449  0.003683         0   0.02817        32       640    0.7977    0.8765    0.9006      0.67   0.07725  0.004821         0
   249/599     6.44G   0.02066  0.004254         0   0.02492        45       640    0.7889    0.8764    0.9034     0.691   0.07765    0.0049         0
   250/599     6.44G   0.01561  0.004051         0   0.01967        28       640    0.8571    0.8889    0.9285    0.7047   0.07805  0.004805         0
   251/599     6.44G   0.01994  0.003786         0   0.02373        33       640    0.8857    0.8642    0.9335    0.6993    0.0779  0.004906         0
   252/599     6.44G   0.02475  0.003793         0   0.02854        33       640    0.8813    0.8395    0.9349    0.6973   0.07801  0.005005         0
   253/599     6.44G   0.01512  0.003564         0   0.01868        29       640    0.9321    0.8519    0.9432    0.6899   0.07743  0.004986         0
   254/599     6.44G   0.02031  0.003648         0   0.02396        20       640    0.9416    0.8148    0.9333    0.6869   0.07668  0.004937         0
   255/599     6.44G   0.03053  0.003827         0   0.03436        27       640    0.9296    0.8148    0.9272    0.6939   0.07647  0.004978         0
   256/599     6.44G   0.01594  0.003706         0   0.01965        38       640    0.9061    0.8395    0.9289     0.686   0.07686  0.005168         0
   257/599     6.44G    0.0248  0.004028         0   0.02883        31       640    0.8828    0.8367    0.9182     0.672   0.07715  0.005181         0
   258/599     6.44G   0.01987  0.003385         0   0.02325        29       640    0.8917    0.8148    0.9187    0.6725    0.0773  0.005098         0
   259/599     6.44G   0.01984  0.003803         0   0.02364        33       640    0.9189    0.8395    0.9258    0.6865   0.07762  0.004848         0
   260/599     6.44G    0.0206  0.003404         0     0.024        24       640    0.9577    0.8394    0.9509    0.6997   0.07727  0.004832         0
   261/599     6.44G   0.01953    0.0037         0   0.02323        27       640    0.9459    0.8642    0.9497    0.6931   0.07753  0.004827         0
   262/599     6.44G   0.02947  0.003628         0    0.0331        25       640    0.9333     0.864    0.9412    0.6875   0.07649  0.004932         0
   263/599     6.44G   0.01536  0.003836         0    0.0192        30       640    0.9102    0.8762     0.938    0.6926   0.07554  0.005032         0
   264/599     6.44G   0.02414  0.003689         0   0.02783        26       640    0.9175    0.8243    0.9109    0.6754   0.07405  0.005162         0
   265/599     6.44G   0.03045  0.003838         0   0.03429        24       640    0.8451    0.8765    0.9052    0.6637   0.07378  0.005357         0
   266/599     6.44G   0.01486  0.003488         0   0.01835        32       640    0.9041    0.8147    0.9149    0.6855   0.07382  0.005401         0
   267/599     6.44G   0.02444  0.003743         0   0.02818        24       640    0.9575    0.8395    0.9311    0.6959   0.07394  0.005363         0
   268/599     6.44G   0.03968  0.003546         0   0.04323        26       640    0.9851    0.8395     0.948    0.7212   0.07442  0.005218         0
   269/599     6.44G   0.02992  0.003873         0    0.0338        36       640    0.9587    0.8642    0.9462    0.7326   0.07495  0.005137         0
   270/599     6.44G   0.01938   0.00379         0   0.02317        33       640    0.8895    0.9012    0.9489    0.7215   0.07573   0.00504         0
   271/599     6.44G   0.02458  0.003422         0     0.028        29       640         1     0.827    0.9493    0.7314   0.07551     0.005         0
   272/599     6.44G   0.01978  0.003281         0   0.02306        30       640      0.92    0.8519    0.9316    0.7221   0.07519  0.005089         0
   273/599     6.44G    0.0238  0.003746         0   0.02755        39       640    0.8795    0.9008    0.9337    0.7091   0.07528  0.005111         0
   274/599     6.44G   0.02892  0.003644         0   0.03257        29       640     0.935    0.8883    0.9482     0.708   0.07563  0.005046         0
   275/599     6.44G   0.02351  0.003303         0   0.02682        33       640    0.9367    0.9135    0.9585    0.7211   0.07558   0.00499         0
   276/599     6.44G   0.02191  0.003543         0   0.02545        38       640    0.9474    0.9012     0.955    0.7054   0.07621  0.005003         0
   277/599     6.44G   0.03514  0.003815         0   0.03896        32       640     0.921    0.8642    0.9305     0.702   0.07626  0.005022         0
   278/599     6.44G   0.01469  0.003635         0   0.01833        29       640     0.921    0.8641     0.932    0.7113   0.07566  0.004963         0
   279/599     6.44G   0.01975  0.003341         0   0.02309        21       640    0.9571    0.8271    0.9289    0.7057   0.07598  0.005006         0
   280/599     6.44G    0.0253  0.003586         0   0.02888        40       640     0.942    0.8024    0.9264    0.7016   0.07693  0.005174         0
   281/599     6.44G   0.02395   0.00371         0   0.02766        34       640    0.9722     0.864     0.953    0.7219   0.07618  0.004823         0
   282/599     6.44G   0.01458   0.00303         0   0.01761        28       640    0.9595    0.8765    0.9521    0.7232   0.07594  0.004732         0
   283/599     6.44G   0.01484  0.003467         0    0.0183        26       640    0.9367    0.9136    0.9514    0.7124   0.07549   0.00483         0
   284/599     6.44G   0.01487  0.003587         0   0.01846        33       640     0.973    0.8889    0.9533    0.7326    0.0758  0.004936         0
   285/599     6.44G   0.01437  0.003322         0   0.01769        33       640    0.9859    0.8765    0.9593    0.7392   0.07554  0.004828         0
   286/599     6.44G   0.02406   0.00367         0   0.02773        35       640    0.9197    0.8519    0.9517    0.7089     0.076  0.004877         0
   287/599     6.44G   0.01422  0.003413         0   0.01763        33       640    0.8735    0.9374    0.9466    0.7158   0.07635  0.004922         0
   288/599     6.44G   0.01955  0.003559         0   0.02311        32       640    0.8915    0.9133    0.9498    0.7155   0.07567  0.004906         0
   289/599     6.44G    0.0288  0.003361         0   0.03216        33       640    0.9342    0.8765     0.948     0.707   0.07454   0.00492         0
   290/599     6.44G   0.02435   0.00348         0   0.02783        28       640    0.9473    0.8885     0.955    0.7195   0.07391  0.005004         0
   291/599     6.44G   0.01971  0.003645         0   0.02335        21       640    0.9726    0.8765    0.9591     0.732   0.07408  0.005049         0
   292/599     6.44G   0.02435  0.003541         0   0.02789        29       640    0.9708    0.8272    0.9433    0.7237   0.07397  0.005168         0
   293/599     6.44G   0.02388  0.003238         0   0.02711        28       640    0.9333     0.864    0.9309    0.7177   0.07418  0.005199         0
   294/599     6.44G   0.01905  0.003243         0   0.02229        45       640    0.9194    0.8519    0.9382    0.7381   0.07335  0.005011         0
   295/599     6.44G   0.02336  0.003415         0   0.02678        29       640    0.9701    0.8022    0.9297     0.734    0.0729  0.005009         0
   296/599     6.44G   0.01904  0.003314         0   0.02235        29       640    0.9697    0.7898    0.9213    0.7127   0.07247  0.005091         0
   297/599     6.44G   0.02797  0.003432         0   0.03141        31       640    0.9559    0.8024    0.9212    0.7239   0.07256  0.004979         0
   298/599     6.44G   0.02328  0.003368         0   0.02665        32       640     0.875    0.8641    0.9262    0.7057   0.07326  0.005042         0
   299/599     6.44G   0.01414   0.00319         0   0.01733        25       640    0.9078     0.851    0.9272    0.7255   0.07353  0.005086         0
   300/599     6.44G   0.01838  0.003331         0   0.02171        29       640    0.9838    0.7901    0.9249    0.7142   0.07242  0.005133         0
   301/599     6.44G   0.02349  0.003323         0   0.02681        29       640    0.9166    0.8272    0.9347    0.7176   0.07232  0.005146         0
   302/599     6.44G   0.02426  0.003649         0   0.02791        28       640    0.9091    0.8638    0.9314    0.7094   0.07239  0.005206         0
   303/599     6.44G   0.01874   0.00346         0    0.0222        29       640    0.8974    0.8642     0.937    0.7051   0.07257  0.005257         0
   304/599     6.44G    0.0233  0.003297         0    0.0266        28       640    0.8998    0.8889     0.953    0.7296    0.0726   0.00517         0
   305/599     6.44G   0.02391  0.003395         0   0.02731        34       640    0.9719    0.8642    0.9571    0.7302   0.07256  0.005114         0
   306/599     6.44G   0.03249  0.003554         0   0.03604        37       640    0.9349    0.8889    0.9548    0.7193   0.07207  0.005065         0
   307/599     6.44G   0.04221  0.003478         0   0.04568        31       640    0.9341    0.8765    0.9462    0.7146   0.07239  0.005174         0
   308/599     6.44G   0.02343  0.003227         0   0.02666        31       640    0.9459    0.8642    0.9453    0.7017   0.07322  0.005359         0
   309/599     6.44G    0.0133  0.003448         0   0.01675        27       640    0.9473    0.8889    0.9518    0.7273   0.07322  0.005162         0
   310/599     6.44G   0.01345  0.003578         0   0.01703        33       640     0.935    0.8883    0.9475    0.7331   0.07234  0.005075         0
   311/599     6.44G   0.02344  0.003562         0     0.027        40       640    0.9237    0.9012    0.9456    0.7407   0.07188  0.005176         0
   312/599     6.44G   0.02855  0.003474         0   0.03203        31       640    0.9113    0.8889    0.9479    0.7242   0.07228  0.005092         0
   313/599     6.44G   0.02304  0.003572         0   0.02662        30       640    0.9229    0.8889    0.9466    0.7256   0.07252  0.005118         0
   314/599     6.44G   0.02782  0.003259         0   0.03107        28       640    0.8929    0.9259    0.9535    0.7407   0.07215  0.005209         0
   315/599     6.44G   0.02231   0.00319         0    0.0255        27       640    0.8619    0.9259    0.9599    0.7343   0.07195  0.005097         0
   316/599     6.44G   0.01405  0.003297         0   0.01734        31       640    0.8849    0.9506    0.9645     0.736   0.07203  0.005081         0
   317/599     6.44G   0.01889  0.003335         0   0.02223        23       640    0.8741    0.9506    0.9629    0.7426   0.07239  0.004993         0
   318/599     6.44G   0.02291  0.003455         0   0.02636        29       640    0.8521    0.9259    0.9542    0.7389   0.07279  0.004976         0
   319/599     6.44G   0.01817  0.003297         0   0.02146        25       640    0.8985    0.8765    0.9459    0.7435   0.07284  0.004908         0
   320/599     6.44G   0.01765   0.00351         0   0.02116        29       640    0.9198    0.8495    0.9426    0.7462   0.07225  0.004863         0
   321/599     6.44G   0.02774  0.003373         0   0.03111        27       640    0.9456    0.8642     0.951    0.7429   0.07275  0.004765         0
   322/599     6.44G   0.02292  0.003513         0   0.02643        24       640    0.8844    0.8519     0.941    0.7371   0.07387  0.004606         0
   323/599     6.44G   0.01882  0.003243         0   0.02206        24       640    0.8871    0.8765    0.9483    0.7299   0.07503  0.004559         0
   324/599     6.44G   0.01392  0.003481         0    0.0174        37       640       0.9    0.8889    0.9484    0.7156   0.07572  0.004547         0
   325/599     6.44G   0.01808  0.003267         0   0.02135        26       640    0.9078    0.8513    0.9383    0.7097   0.07545   0.00464         0
   326/599     6.44G   0.01877  0.003196         0   0.02197        22       640     0.921    0.8641    0.9467     0.729   0.07529  0.004588         0
   327/599     6.44G   0.02348  0.003289         0   0.02677        23       640     0.921    0.8642    0.9457    0.7311   0.07497  0.004589         0
   328/599     6.44G   0.01861  0.003341         0   0.02195        35       640    0.8974    0.8634    0.9442    0.7225   0.07493  0.004571         0
   329/599     6.44G    0.0136  0.003302         0    0.0169        34       640    0.9571    0.8269    0.9475    0.7454   0.07458   0.00462         0
   330/599     6.44G   0.02313  0.003716         0   0.02684        33       640    0.9711    0.8519    0.9492    0.7324   0.07382  0.004684         0
   331/599     6.44G   0.01814  0.003221         0   0.02136        25       640    0.9583    0.8516    0.9588    0.7291   0.07324  0.004727         0
   332/599     6.44G   0.01348   0.00334         0   0.01682        34       640    0.9467    0.8764    0.9606    0.7243   0.07348  0.004668         0
   333/599     6.44G   0.02344  0.003464         0    0.0269        32       640    0.9583    0.8515    0.9539     0.733    0.0732  0.004544         0
   334/599     6.44G   0.01794  0.003229         0   0.02117        29       640    0.9571    0.8395     0.946    0.7305   0.07264  0.004599         0
   335/599     6.44G   0.02293  0.003055         0   0.02599        29       640    0.9452    0.8517    0.9503    0.7369   0.07284   0.00473         0
   336/599     6.44G   0.03344  0.003298         0   0.03674        33       640    0.9322    0.8642    0.9521    0.7389   0.07326  0.004685         0
   337/599     6.44G   0.01262  0.003329         0   0.01594        41       640    0.9572    0.8395    0.9529    0.7569   0.07323  0.004679         0
   338/599     6.44G    0.0127  0.003294         0     0.016        22       640    0.8856    0.8765    0.9458    0.7498   0.07261  0.004723         0
   339/599     6.44G   0.01803  0.003453         0   0.02148        27       640    0.8372    0.8887     0.938    0.7465   0.07206  0.004685         0
   340/599     6.44G   0.02238  0.003375         0   0.02576        32       640    0.9166    0.8272    0.9343    0.7279   0.07275  0.004817         0
   341/599     6.44G   0.03307  0.003616         0   0.03668        43       640    0.9697      0.79    0.9316    0.7243    0.0729  0.004844         0
   342/599     6.44G   0.01823  0.003329         0   0.02156        35       640    0.9701    0.8148     0.941    0.7343   0.07315   0.00469         0
   343/599     6.44G   0.01745  0.003359         0   0.02081        39       640    0.9848    0.8017     0.945    0.7327   0.07374  0.004649         0
   344/599     6.44G   0.01832  0.003301         0   0.02162        21       640    0.9079    0.8517    0.9442     0.742   0.07329  0.004718         0
   345/599     6.44G   0.02275  0.003245         0   0.02599        33       640    0.8947    0.8394    0.9341    0.7453   0.07247  0.004808         0
   346/599     6.44G   0.02281   0.00324         0   0.02605        39       640    0.9195    0.8519    0.9369    0.7507   0.07119  0.004922         0
   347/599     6.44G   0.02356  0.003377         0   0.02694        33       640    0.9452    0.8516    0.9419    0.7413   0.07061  0.004986         0
   348/599     6.44G   0.02211  0.003116         0   0.02523        30       640    0.9473    0.8883    0.9608    0.7375   0.07153  0.004904         0
   349/599     6.44G   0.01784  0.003308         0   0.02115        38       640         1    0.8765    0.9616    0.7377   0.07239  0.004719         0
   350/599     6.44G   0.01296  0.003317         0   0.01627        33       640    0.9852    0.8642    0.9583    0.7396   0.07266  0.004663         0
   351/599     6.44G   0.01271   0.00336         0   0.01607        35       640    0.9858    0.8642     0.958    0.7547   0.07257  0.004634         0
   352/599     6.44G   0.02676  0.003139         0    0.0299        31       640    0.9726    0.8761    0.9533    0.7564   0.07169  0.004634         0
   353/599     6.44G    0.0173  0.003211         0   0.02051        26       640     0.945    0.8519    0.9485    0.7511   0.07091  0.004751         0
   354/599     6.44G   0.02237  0.003152         0   0.02552        27       640    0.8888    0.8889     0.947    0.7558   0.07091  0.004852         0
   355/599     6.44G   0.01772  0.003076         0    0.0208        38       640    0.9342    0.8765    0.9593    0.7534   0.07114  0.004897         0
   356/599     6.44G   0.03181  0.003123         0   0.03493        43       640    0.9466    0.8762    0.9606    0.7485   0.07146  0.004896         0
   357/599     6.44G   0.01799  0.003077         0   0.02107        26       640         1     0.827    0.9548    0.7494   0.07146  0.004836         0
   358/599     6.44G   0.01356  0.003194         0   0.01676        36       640    0.9722    0.8642    0.9517    0.7385   0.07158  0.004823         0
   359/599     6.44G   0.01287  0.002852         0   0.01572        22       640    0.9593    0.8765    0.9533    0.7445   0.07175  0.004836         0
   360/599     6.44G   0.02317  0.003372         0   0.02654        30       640    0.9854    0.8519    0.9409    0.7374   0.07149  0.004876         0
   361/599     6.44G   0.02221   0.00332         0   0.02553        34       640    0.9466    0.8765    0.9394     0.729    0.0712  0.005008         0
   362/599     6.44G   0.02163  0.003181         0   0.02481        35       640    0.9582    0.8519    0.9381    0.7301   0.07129  0.004955         0
   363/599     6.44G   0.01227  0.002991         0   0.01527        36       640    0.9221    0.8765    0.9454     0.752   0.07126  0.004964         0
   364/599     6.44G   0.02153  0.003153         0   0.02468        30       640    0.9589    0.8642    0.9541    0.7434   0.07115  0.004917         0
   365/599     6.44G   0.02251  0.003194         0    0.0257        28       640    0.9034    0.9234    0.9568     0.751   0.07095  0.004879         0
   366/599     6.44G     0.013  0.003193         0    0.0162        38       640     0.948    0.9009    0.9649    0.7614   0.07063  0.004931         0
   367/599     6.44G   0.02646  0.003092         0   0.02955        33       640    0.9726    0.8764    0.9666    0.7569   0.07069  0.004941         0
   368/599     6.44G   0.01241  0.003194         0    0.0156        36       640    0.9722    0.8765    0.9636    0.7441   0.07091  0.004934         0
   369/599     6.44G   0.01786  0.003187         0   0.02104        27       640    0.9349    0.8889    0.9589    0.7678   0.07073   0.00496         0
   370/599     6.44G   0.02251  0.003377         0   0.02589        32       640    0.9718    0.8517    0.9555    0.7701   0.07058  0.004966         0
   371/599     6.44G    0.0177  0.003124         0   0.02082        43       640    0.9465    0.8765    0.9527    0.7576   0.07012  0.004857         0
   372/599     6.44G   0.01724  0.003212         0   0.02045        26       640    0.9231    0.8887    0.9468    0.7457   0.07035  0.004767         0
   373/599     6.44G   0.02746  0.003295         0   0.03076        42       640    0.9452    0.8516    0.9539    0.7471   0.07097  0.004727         0
   374/599     6.44G   0.03191  0.003503         0   0.03541        28       640    0.9718    0.8519    0.9602    0.7597   0.07084  0.004816         0
   375/599     6.44G   0.02655  0.003246         0    0.0298        36       640     0.924    0.9012    0.9596    0.7605    0.0709  0.004873         0
   376/599     6.44G   0.02199  0.003167         0   0.02516        34       640    0.8636    0.9382    0.9492    0.7613   0.07119  0.005029         0
   377/599     6.44G   0.02693  0.003377         0   0.03031        31       640    0.9221    0.8763    0.9519    0.7647   0.07129  0.004866         0
   378/599     6.44G   0.02287  0.003132         0     0.026        24       640    0.8999    0.8889    0.9536    0.7673   0.07143  0.004653         0
   379/599     6.44G   0.02341  0.003155         0   0.02656        37       640    0.8902    0.9011    0.9536    0.7646   0.07165  0.004639         0
   380/599     6.44G   0.02253  0.003156         0   0.02569        25       640    0.8735    0.9383    0.9502    0.7578    0.0724  0.004672         0
   381/599     6.44G   0.01731  0.003152         0   0.02047        35       640    0.8539    0.9382    0.9498    0.7644   0.07212  0.004718         0
   382/599     6.44G   0.02719  0.003123         0   0.03032        20       640    0.9221    0.8764     0.945    0.7688   0.07114  0.004791         0
   383/599     6.44G   0.01264  0.003067         0   0.01571        26       640    0.9341    0.8765    0.9371    0.7576   0.07139  0.004822         0
   384/599     6.44G   0.01216  0.003044         0    0.0152        34       640    0.9604    0.9012    0.9513    0.7626   0.07116  0.004795         0
   385/599     6.44G   0.02146  0.003062         0   0.02452        31       640    0.9594    0.8889    0.9573    0.7718   0.07131   0.00471         0
   386/599     6.44G    0.0225    0.0031         0    0.0256        33       640    0.9362    0.9136    0.9587    0.7607   0.07186  0.004696         0
   387/599     6.44G   0.02548    0.0031         0   0.02858        33       640    0.9367    0.9135    0.9573    0.7582   0.07175   0.00468         0
   388/599     6.44G   0.02666  0.003207         0   0.02987        27       640    0.9479    0.9012    0.9568    0.7521   0.07182  0.004869         0
   389/599     6.44G   0.02095  0.002951         0    0.0239        18       640     0.948    0.9009    0.9586    0.7489    0.0715  0.004978         0
   390/599     6.44G   0.01674   0.00294         0   0.01968        27       640     0.973    0.8885    0.9608    0.7535   0.07095  0.004947         0
   391/599     6.44G   0.01214  0.003165         0   0.01531        22       640     0.948    0.9011     0.957    0.7627   0.07126  0.004846         0
   392/599     6.44G   0.02259  0.003388         0   0.02598        31       640    0.9721    0.8642    0.9569    0.7603   0.07182  0.004775         0
   393/599     6.44G   0.01722  0.003076         0    0.0203        36       640    0.9721    0.8642    0.9574    0.7622   0.07253    0.0048         0
   394/599     6.44G   0.02211  0.003074         0   0.02518        34       640    0.9831    0.8519    0.9504    0.7628   0.07253  0.004779         0
   395/599     6.44G   0.02129  0.003246         0   0.02453        21       640    0.9842    0.8765    0.9671    0.7651   0.07177  0.004625         0
   396/599     6.44G   0.01641  0.002983         0   0.01939        30       640    0.9859    0.8638    0.9655    0.7568   0.07153  0.004591         0
   397/599     6.44G   0.01718   0.00298         0   0.02016        29       640    0.9724    0.8765    0.9517    0.7625   0.07173  0.004594         0
   398/599     6.44G   0.02157  0.003045         0   0.02461        34       640         1    0.8517    0.9524    0.7413    0.0724  0.004648         0
   399/599     6.44G   0.02723  0.003136         0   0.03036        30       640    0.9854    0.8519     0.956    0.7473   0.07238  0.004605         0
   400/599     6.44G   0.01242  0.003074         0   0.01549        38       640    0.9474    0.8889    0.9554    0.7587   0.07245  0.004618         0
   401/599     6.44G   0.02212  0.003015         0   0.02514        31       640     0.924    0.9007    0.9539     0.773   0.07151  0.004671         0
   402/599     6.44G   0.02153  0.003123         0   0.02465        31       640    0.9603    0.9012    0.9609    0.7704   0.07087  0.004645         0
   403/599     6.44G   0.01628  0.002964         0   0.01925        29       640    0.9722    0.8642    0.9554    0.7617   0.07077  0.004704         0
   404/599     6.44G   0.02083  0.003159         0   0.02399        37       640    0.9848    0.8519    0.9517    0.7554   0.07064  0.004759         0
   405/599     6.44G   0.02739  0.003058         0   0.03045        21       640    0.9359    0.9008    0.9535    0.7545   0.07037  0.004787         0
   406/599     6.44G   0.03142  0.003081         0    0.0345        33       640    0.9589     0.864    0.9579    0.7599   0.07006    0.0049         0
   407/599     6.44G   0.01609  0.002934         0   0.01902        34       640    0.9999    0.8272    0.9583    0.7547   0.07039   0.00497         0
   408/599     6.44G   0.01739  0.003092         0   0.02048        34       640     0.984    0.8395    0.9549    0.7525   0.07036  0.005037         0
   409/599     6.44G   0.01628  0.003246         0   0.01953        33       640    0.9715    0.8519    0.9585    0.7667   0.07016  0.005085         0
   410/599     6.44G    0.0167  0.002998         0    0.0197        24       640    0.9459    0.8642    0.9575    0.7524   0.07001  0.005068         0
   411/599     6.44G   0.01632  0.003041         0   0.01936        31       640    0.9854    0.8395    0.9551    0.7508   0.07012  0.005103         0
   412/599     6.44G   0.02206  0.002981         0   0.02504        31       640    0.9854    0.8395    0.9551    0.7568   0.06998   0.00501         0
   413/599     6.44G   0.02674  0.002958         0    0.0297        33       640    0.9715    0.8519    0.9577    0.7567   0.06997  0.004965         0
   414/599     6.44G   0.02073  0.002917         0   0.02365        26       640         1    0.8272    0.9446    0.7588   0.07028  0.005042         0
   415/599     6.44G     0.016  0.003139         0   0.01914        37       640    0.9474    0.8889    0.9588    0.7594   0.07021  0.004987         0
   416/599     6.44G   0.02611  0.002995         0    0.0291        24       640    0.9597    0.8889    0.9599      0.76   0.07002  0.004966         0
   417/599     6.44G   0.02663  0.003222         0   0.02985        34       640    0.9728    0.8889    0.9598    0.7523   0.06988  0.004997         0
   418/599     6.44G   0.01678  0.003027         0   0.01981        24       640    0.9716    0.8642    0.9496    0.7585   0.07045  0.004999         0
   419/599     6.44G   0.01179  0.002852         0   0.01464        29       640         1    0.8518    0.9612    0.7502   0.07066  0.004985         0
   420/599     6.44G   0.02667  0.003167         0   0.02983        42       640    0.9473    0.8889    0.9562    0.7601   0.07064  0.004899         0
   421/599     6.44G    0.0121  0.003278         0   0.01538        31       640    0.9593    0.8765    0.9559     0.766   0.07089  0.004815         0
   422/599     6.44G   0.01691  0.003056         0   0.01997        40       640    0.9221    0.8764    0.9577    0.7614   0.07078  0.004753         0
   423/599     6.44G   0.02627  0.003019         0   0.02929        26       640     0.971     0.827    0.9499     0.752   0.07083  0.004842         0
   424/599     6.44G   0.01635  0.003042         0   0.01939        30       640    0.9714    0.8395    0.9522    0.7546   0.07047  0.004842         0
   425/599     6.44G   0.01214  0.003151         0   0.01529        36       640    0.9589     0.864    0.9562    0.7628   0.07018   0.00483         0
   426/599     6.44G   0.02108  0.002924         0   0.02401        34       640    0.9718    0.8517    0.9565    0.7734   0.06994  0.004889         0
   427/599     6.44G   0.01663  0.003094         0   0.01973        34       640    0.9999    0.8272    0.9583    0.7705   0.07016  0.004883         0
   428/599     6.44G   0.02218  0.003024         0    0.0252        34       640    0.9458    0.8642    0.9599    0.7695   0.07035  0.004854         0
   429/599     6.44G   0.01165  0.003158         0   0.01481        38       640    0.8823    0.9258    0.9566    0.7662   0.07027  0.004896         0
   430/599     6.44G   0.01667  0.002949         0   0.01962        27       640    0.9036    0.9255    0.9598    0.7658   0.07011  0.004859         0
   431/599     6.44G   0.01156  0.002755         0   0.01432        27       640     0.935    0.8889    0.9618    0.7771   0.07048  0.004798         0
   432/599     6.44G   0.02229  0.003175         0   0.02547        33       640    0.8638    0.9506    0.9622    0.7746    0.0711  0.004726         0
   433/599     6.44G   0.02133   0.00298         0   0.02431        29       640      0.96    0.8889    0.9644     0.778   0.07173  0.004644         0
   434/599     6.44G   0.01691  0.003016         0   0.01992        39       640    0.9595    0.8889    0.9651    0.7779   0.07228  0.004571         0
   435/599     6.44G   0.01208  0.002832         0   0.01492        31       640    0.9351    0.8888    0.9646     0.777    0.0721  0.004588         0
   436/599     6.44G   0.01141   0.00278         0   0.01419        28       640    0.9711    0.8519    0.9633    0.7698   0.07189  0.004607         0
   437/599     6.44G   0.01066  0.002905         0   0.01356        35       640    0.9465    0.8765    0.9579    0.7737   0.07175  0.004546         0
   438/599     6.44G   0.02201   0.00293         0   0.02494        39       640    0.9467    0.8763    0.9558    0.7689   0.07172  0.004625         0
   439/599     6.44G   0.01687  0.002915         0   0.01978        26       640    0.9577    0.8395    0.9549     0.758   0.07172  0.004686         0
   440/599     6.44G   0.02159  0.003203         0   0.02479        35       640    0.9231    0.8888    0.9565    0.7639    0.0717  0.004557         0
   441/599     6.44G   0.01695  0.003087         0   0.02004        36       640    0.9459    0.8637    0.9575     0.775   0.07132  0.004524         0
   442/599     6.44G   0.02665  0.003012         0   0.02967        25       640    0.9459    0.8638    0.9584    0.7724   0.07113  0.004524         0
   443/599     6.44G   0.02133  0.003033         0   0.02437        34       640    0.9135    0.9136     0.963    0.7811   0.07116  0.004546         0
   444/599     6.44G   0.01131  0.003031         0   0.01434        33       640    0.9367    0.9135    0.9644    0.7803   0.07152  0.004597         0
   445/599     6.44G   0.02692   0.00291         0   0.02983        30       640    0.9485    0.9136    0.9625    0.7689   0.07123  0.004638         0
   446/599     6.44G    0.0118  0.002885         0   0.01469        40       640    0.9024    0.9135    0.9529    0.7637   0.07007  0.004698         0
   447/599     6.44G   0.01111  0.002907         0   0.01402        29       640      0.91    0.8765    0.9352    0.7497   0.06963  0.004809         0
   448/599     6.44G   0.02563  0.003086         0   0.02871        35       640    0.9332    0.8765    0.9477    0.7569   0.06958  0.004845         0
   449/599     6.44G   0.01131  0.002821         0   0.01413        33       640    0.9333     0.864    0.9524    0.7602   0.06949  0.004851         0
   450/599     6.44G   0.01697  0.003088         0   0.02006        40       640    0.9332    0.8642    0.9541    0.7646   0.06977  0.004858         0
   451/599     6.44G    0.0208   0.00301         0   0.02381        29       640    0.9341    0.8765    0.9565    0.7725   0.06988  0.004782         0
   452/599     6.44G   0.02537  0.003093         0   0.02847        30       640    0.9589    0.8642    0.9549    0.7699   0.06954  0.004741         0
   453/599     6.44G   0.02113  0.002886         0   0.02402        25       640    0.9589    0.8639    0.9578    0.7663    0.0692  0.004792         0
   454/599     6.44G   0.02572  0.002783         0    0.0285        30       640     0.935    0.8889    0.9616    0.7691   0.06905  0.004848         0
   455/599     6.44G   0.01202  0.003128         0   0.01514        34       640    0.9726    0.8764    0.9645    0.7672    0.0694  0.004894         0
   456/599     6.44G   0.02135  0.002941         0   0.02429        28       640    0.9589    0.8641    0.9641    0.7697   0.06959  0.004879         0
   457/599     6.44G   0.02563  0.002911         0   0.02855        26       640    0.9718    0.8517    0.9632    0.7767   0.06952  0.004768         0
   458/599     6.44G    0.0121  0.002942         0   0.01504        30       640    0.9459    0.8642     0.961     0.772   0.06983  0.004739         0
   459/599     6.44G   0.01179  0.002965         0   0.01476        30       640    0.9124    0.9004    0.9642    0.7766   0.06964  0.004759         0
   460/599     6.44G   0.01612  0.003058         0   0.01918        29       640    0.9358    0.9012    0.9648    0.7751    0.0696  0.004741         0
   461/599     6.44G   0.01695  0.003072         0   0.02002        29       640    0.9487    0.9125     0.967    0.7725   0.06983  0.004696         0
   462/599     6.44G   0.01683  0.003117         0   0.01995        24       640    0.9596    0.8889    0.9619    0.7659    0.0699  0.004667         0
   463/599     6.44G   0.02592  0.002944         0   0.02886        41       640     0.961    0.9134    0.9655    0.7748   0.06986  0.004751         0
   464/599     6.44G   0.02132  0.002883         0    0.0242        30       640    0.9024    0.9134    0.9612    0.7669   0.06998  0.004841         0
   465/599     6.44G   0.01566  0.002845         0    0.0185        33       640    0.9114    0.8887    0.9601    0.7593   0.07027  0.004825         0
   466/599     6.44G   0.01168  0.002821         0    0.0145        26       640    0.9595    0.8764    0.9619    0.7785   0.07003  0.004803         0
   467/599     6.44G   0.02623  0.002911         0   0.02914        29       640    0.9725    0.8765     0.964      0.78   0.06957  0.004749         0
   468/599     6.44G   0.01154  0.002856         0    0.0144        25       640    0.9722    0.8642    0.9615    0.7779   0.06952  0.004693         0
   469/599     6.44G   0.03118  0.002862         0   0.03404        36       640    0.9717    0.8519    0.9607    0.7684   0.07014  0.004682         0
   470/599     6.44G   0.02051  0.002875         0   0.02338        25       640    0.9467    0.8764    0.9615    0.7804   0.07074  0.004644         0
   471/599     6.44G   0.02481  0.002968         0   0.02778        26       640    0.9855    0.8395     0.961    0.7801   0.07144  0.004582         0
   472/599     6.44G   0.02529  0.002959         0   0.02825        39       640    0.9465    0.8765    0.9624    0.7772   0.07188   0.00456         0
   473/599     6.44G   0.02981  0.002936         0   0.03275        36       640     0.924    0.9012    0.9656     0.782   0.07159   0.00458         0
   474/599     6.44G   0.02071  0.002939         0   0.02365        26       640    0.9249    0.9136    0.9687    0.7825   0.07064  0.004617         0
   475/599     6.44G   0.02445  0.002745         0   0.02719        28       640    0.8964     0.963    0.9718     0.782   0.06992  0.004655         0
   476/599     6.44G   0.01672  0.003145         0   0.01987        32       640    0.9494    0.9259     0.971    0.7634   0.06959  0.004736         0
   477/599     6.44G   0.01633  0.003208         0   0.01954        27       640    0.9023    0.9136    0.9481    0.7486   0.06924  0.004923         0
   478/599     6.44G   0.01245  0.003329         0   0.01578        35       640    0.9012    0.9008    0.9319    0.7417   0.06915  0.005053         0
   479/599     6.44G   0.02214  0.003543         0   0.02568        28       640    0.9709    0.8395    0.9296    0.7336    0.0688  0.005037         0
   480/599     6.44G   0.01213   0.00347         0    0.0156        29       640    0.9576    0.8395    0.9359    0.7443    0.0691  0.005012         0
   481/599     6.44G   0.02202  0.003641         0   0.02566        22       640    0.9577    0.8395    0.9366    0.7418   0.07024  0.005171         0
   482/599     6.44G   0.02136  0.003105         0   0.02447        37       640    0.9342    0.8765    0.9417    0.7407   0.07126  0.005296         0
   483/599     6.44G   0.02204  0.003129         0   0.02517        33       640    0.9359    0.9008    0.9591     0.752   0.07111  0.005104         0
   484/599     6.44G   0.01778  0.003315         0   0.02109        32       640    0.9493    0.9259     0.967    0.7567   0.07075  0.004864         0
   485/599     6.44G   0.02201  0.003326         0   0.02533        23       640    0.9615    0.9254    0.9692    0.7697   0.07079  0.004788         0
   486/599     6.44G   0.01202  0.003199         0   0.01522        35       640    0.9483    0.9136     0.969    0.7628   0.07056   0.00475         0
   487/599     6.44G   0.01128  0.002991         0   0.01427        24       640    0.9719    0.8765     0.965    0.7684   0.07053  0.004728         0
   488/599     6.44G   0.01689  0.002982         0   0.01987        27       640    0.9156    0.9383    0.9653    0.7685   0.07027  0.004733         0
   489/599     6.44G   0.02183  0.002862         0   0.02469        23       640    0.9722    0.8642    0.9634    0.7663   0.07007  0.004785         0
   490/599     6.44G   0.01136  0.002741         0    0.0141        33       640     0.935    0.8885    0.9613    0.7711    0.0703  0.004834         0
   491/599     6.44G   0.02601     0.003         0   0.02901        33       640    0.9356    0.9012    0.9629    0.7697   0.07025  0.004853         0
   492/599     6.44G   0.01601  0.003167         0   0.01918        30       640    0.9145    0.9259    0.9607    0.7642   0.07023  0.004875         0
   493/599     6.44G   0.02159  0.002985         0   0.02457        30       640    0.9146    0.9258    0.9614    0.7671   0.06994  0.004855         0
   494/599     6.44G   0.01633  0.002891         0   0.01922        32       640    0.8941    0.9382    0.9629    0.7712   0.06987  0.004792         0
   495/599     6.44G   0.02601  0.003148         0   0.02916        34       640    0.8928    0.9256    0.9623    0.7754   0.06997  0.004768         0
   496/599     6.44G   0.01607  0.002963         0   0.01904        26       640    0.9713    0.8395    0.9624    0.7761   0.06978  0.004753         0
   497/599     6.44G    0.0161  0.003264         0   0.01936        33       640    0.9157    0.9382    0.9638    0.7831   0.06959  0.004771         0
   498/599     6.44G   0.02211  0.003298         0   0.02541        33       640    0.9154    0.9383    0.9651    0.7845    0.0695  0.004778         0
   499/599     6.44G   0.02126  0.003083         0   0.02435        28       640    0.9259    0.9257     0.965      0.78   0.06943  0.004786         0
   500/599     6.44G   0.01657  0.002906         0   0.01948        35       640    0.9136    0.9135    0.9619    0.7757   0.06957  0.004833         0
   501/599     6.44G   0.02541  0.002988         0    0.0284        30       640    0.9125    0.9009    0.9618    0.7797   0.06981  0.004864         0
   502/599     6.44G   0.01145  0.003128         0   0.01457        33       640    0.8823    0.9257    0.9624    0.7754   0.07025  0.004815         0
   503/599     6.44G   0.02132  0.002879         0    0.0242        29       640    0.9588    0.8642      0.96    0.7657    0.0704   0.00478         0
   504/599     6.44G   0.02567  0.003131         0   0.02881        41       640    0.9595    0.8764    0.9598    0.7656   0.07044  0.004742         0
   505/599     6.44G     0.016  0.003093         0   0.01909        36       640    0.9589    0.8642    0.9601    0.7623    0.0702  0.004696         0
   506/599     6.44G   0.01624  0.002949         0   0.01919        30       640    0.9136    0.9136     0.963    0.7804   0.06979  0.004632         0
   507/599     6.44G   0.02126  0.003083         0   0.02434        33       640    0.9155    0.9383    0.9652    0.7815   0.06937  0.004652         0
   508/599     6.44G    0.0164  0.003031         0   0.01943        34       640    0.9146    0.9258    0.9635    0.7777   0.06948  0.004694         0
   509/599     6.44G   0.01609  0.002673         0   0.01876        25       640    0.8928    0.9259      0.96    0.7848   0.06959  0.004715         0
   510/599     6.44G   0.01113  0.002883         0   0.01402        45       640    0.9133    0.9136    0.9588    0.7705   0.06941  0.004773         0
   511/599     6.44G   0.01144   0.00303         0   0.01447        29       640    0.9024    0.9136    0.9579    0.7731   0.06931  0.004754         0
   512/599     6.44G   0.01609  0.002924         0   0.01901        29       640    0.9146    0.9256    0.9606    0.7852    0.0692  0.004738         0
   513/599     6.44G   0.01579  0.002691         0   0.01848        25       640    0.9046    0.9368    0.9634    0.7839   0.06941  0.004741         0
   514/599     6.44G   0.02129  0.002788         0   0.02408        31       640    0.8941    0.9383    0.9651    0.7799   0.06979  0.004769         0
   515/599     6.44G   0.01188  0.003032         0   0.01491        24       640    0.8837    0.9382     0.964    0.7759   0.06998  0.004798         0
   516/599     6.44G   0.01609  0.003041         0   0.01913        32       640     0.925    0.9135    0.9644    0.7818   0.06988  0.004755         0
   517/599     6.44G   0.01566  0.002932         0   0.01859        38       640    0.9595    0.8764    0.9643     0.776    0.0699  0.004724         0
   518/599     6.44G   0.02077   0.00298         0   0.02375        42       640    0.9726    0.8765    0.9639    0.7728   0.06984  0.004762         0
   519/599     6.44G    0.0262  0.003177         0   0.02938        36       640    0.9597    0.8889    0.9547    0.7762   0.06918  0.004844         0
   520/599     6.44G   0.01153  0.003177         0   0.01471        28       640    0.9354    0.9012    0.9542    0.7659   0.06921  0.004874         0
   521/599     6.44G   0.01634  0.002723         0   0.01906        25       640    0.9359    0.9012    0.9644    0.7653   0.06921  0.004875         0
   522/599     6.44G   0.01127  0.002887         0   0.01416        25       640     0.925    0.9136    0.9629     0.775   0.06935  0.004906         0
   523/599     6.44G   0.01575  0.003002         0   0.01875        26       640    0.9145    0.9259    0.9605    0.7691   0.06946  0.004902         0
   524/599     6.44G   0.01632  0.002859         0   0.01918        30       640     0.894    0.9383    0.9586    0.7701    0.0696  0.004843         0
   525/599     6.44G    0.0248  0.002885         0   0.02768        35       640    0.9036    0.9259     0.959    0.7628    0.0695  0.004778         0
   526/599     6.44G   0.01572  0.002816         0   0.01854        33       640    0.9036    0.9259    0.9597    0.7711    0.0696  0.004739         0
   527/599     6.44G   0.01603  0.002662         0   0.01869        29       640    0.9466    0.8765     0.959    0.7734   0.07002  0.004685         0
   528/599     6.44G   0.02069  0.002913         0    0.0236        35       640     0.924    0.9012    0.9572    0.7732   0.07047   0.00467         0
   529/599     6.44G   0.01562  0.002668         0   0.01828        28       640    0.9585    0.8642    0.9532    0.7689   0.07046  0.004731         0
   530/599     6.44G   0.01568  0.002897         0   0.01858        31       640    0.9857    0.8517    0.9575    0.7747   0.07021  0.004794         0
   531/599     6.44G   0.01643  0.002641         0   0.01907        14       640    0.9859    0.8632     0.964     0.779   0.07007   0.00476         0
   532/599     6.44G   0.03048  0.002715         0   0.03319        28       640     0.894    0.9383    0.9673    0.7871   0.06975  0.004741         0
   533/599     6.44G   0.01108   0.00295         0   0.01403        31       640    0.9036    0.9259     0.966    0.7831   0.06948  0.004782         0
   534/599     6.44G   0.01613  0.002829         0   0.01896        30       640    0.9593    0.8765    0.9632    0.7827   0.06955  0.004829         0
   535/599     6.44G     0.011  0.002778         0   0.01378        34       640     0.925    0.9133    0.9634     0.781   0.06981  0.004882         0
   536/599     6.44G   0.01112  0.002924         0   0.01404        37       640    0.9136    0.9136    0.9618     0.782   0.06986  0.004945         0
   537/599     6.44G   0.03027  0.002787         0   0.03306        20       640    0.9857    0.8516    0.9613    0.7816   0.06974  0.004901         0
   538/599     6.44G   0.03057  0.002877         0   0.03344        42       640    0.9726    0.8765    0.9607    0.7777   0.06959  0.004832         0
   539/599     6.44G    0.0117  0.003138         0   0.01484        33       640    0.9239    0.9012    0.9617    0.7706   0.06949  0.004813         0
   540/599     6.44G   0.01162  0.002993         0   0.01461        39       640    0.9136    0.9134    0.9621    0.7738   0.06928    0.0048         0
   541/599     6.44G   0.02035  0.002837         0   0.02318        33       640    0.9728    0.8889    0.9604    0.7779   0.06924  0.004802         0
   542/599     6.44G   0.01989  0.002835         0   0.02273        25       640         1    0.8637     0.961    0.7823   0.06956  0.004945         0
   543/599     6.44G   0.02117  0.002898         0   0.02407        26       640    0.9853    0.8395    0.9541    0.7741   0.06951  0.004869         0
   544/599     6.44G   0.02367  0.002891         0   0.02656        32       640     0.885    0.9503    0.9654     0.767   0.06938   0.00479         0
   545/599     6.44G   0.02345  0.002748         0    0.0262        38       640    0.9721    0.8642    0.9637    0.7659   0.06943  0.004801         0
   546/599     6.44G   0.03223   0.00296         0   0.03519        30       640    0.9136    0.9134    0.9558    0.7649   0.06929   0.00484         0
   547/599     6.44G   0.01997  0.003036         0   0.02301        38       640     0.924    0.9007    0.9514    0.7708   0.06941  0.004904         0
   548/599     6.44G   0.01577  0.002785         0   0.01855        38       640    0.9857    0.8517    0.9558    0.7711   0.06958  0.004905         0
   549/599     6.44G    0.0201  0.002998         0    0.0231        35       640    0.9861    0.8765    0.9611    0.7793   0.06975  0.004826         0
   550/599     6.44G   0.01518  0.002919         0    0.0181        28       640      0.96    0.8888    0.9631    0.7799   0.06982  0.004775         0
   551/599     6.44G   0.01576  0.002992         0   0.01875        25       640    0.9036    0.9258    0.9595    0.7738   0.06988  0.004763         0
   552/599     6.44G    0.0152  0.002996         0   0.01819        53       640    0.9359    0.9012    0.9598    0.7738   0.06973  0.004776         0
   553/599     6.44G   0.01603  0.002708         0   0.01874        32       640    0.9358    0.9012    0.9607    0.7717   0.06941   0.00483         0
   554/599     6.44G   0.02606  0.002887         0   0.02895        30       640    0.9723    0.8889    0.9603    0.7707   0.06925  0.004901         0
   555/599     6.44G   0.01546  0.002684         0   0.01814        23       640    0.9859    0.8642    0.9601    0.7712   0.06942  0.004937         0
   556/599     6.44G    0.0247  0.002822         0   0.02752        36       640    0.9861    0.8764    0.9631    0.7823   0.06963  0.004842         0
   557/599     6.44G   0.02859  0.003274         0   0.03187        29       640    0.9177    0.8272    0.9095    0.6952   0.07147  0.005376         0
   558/599     6.44G   0.01771  0.003807         0   0.02152        38       640    0.9409    0.7901    0.8596    0.6346   0.07278  0.005747         0
   559/599     6.44G   0.01206  0.003245         0    0.0153        31       640    0.8658    0.8765    0.9145    0.7083   0.07067  0.005178         0
   560/599     6.44G   0.02154  0.003155         0   0.02469        28       640     0.924    0.9008    0.9558    0.7667   0.06956  0.005062         0
   561/599     6.44G   0.01993  0.003122         0   0.02305        37       640    0.9114    0.8888    0.9411    0.7574   0.06978   0.00528         0
   562/599     6.44G   0.01587   0.00273         0    0.0186        39       640    0.8929    0.9259    0.9542    0.7685   0.06954   0.00527         0
   563/599     6.44G    0.0205  0.002877         0   0.02338        33       640    0.9719    0.8642    0.9577    0.7744    0.0693  0.005214         0
   564/599     6.44G   0.02016  0.003198         0   0.02335        31       640    0.8927    0.9259    0.9587    0.7755   0.06911  0.005168         0
   565/599     6.44G   0.01147  0.003098         0   0.01456        37       640    0.9459    0.8642    0.9588     0.774   0.06918   0.00509         0
   566/599     6.44G   0.01118  0.003107         0   0.01428        25       640    0.9859    0.8641    0.9607    0.7804   0.06927  0.005003         0
   567/599     6.44G   0.01579  0.002681         0   0.01847        26       640    0.9605    0.9012     0.963     0.778    0.0694  0.004981         0
   568/599     6.44G   0.01076  0.002826         0   0.01359        29       640    0.9733    0.9012     0.964    0.7759   0.06956  0.004992         0
   569/599     6.44G   0.02086  0.002839         0    0.0237        31       640    0.9587    0.8889    0.9649    0.7748   0.06978  0.005006         0
   570/599     6.44G   0.01569  0.002938         0   0.01863        38       640    0.9047    0.9383    0.9656    0.7801   0.06988  0.004994         0
   571/599     6.44G   0.01454  0.002814         0   0.01735        23       640    0.9047    0.9383    0.9662    0.7818   0.06985  0.004924         0
   572/599     6.44G   0.01606  0.002896         0   0.01895        29       640    0.9861    0.8764    0.9686    0.7867   0.06973  0.004824         0
   573/599     6.44G   0.02077  0.002884         0   0.02365        31       640    0.9857    0.8642    0.9694    0.7842   0.06945  0.004734         0
   574/599     6.44G   0.01079  0.002842         0   0.01363        30       640    0.9466    0.8765    0.9661    0.7798   0.06914  0.004747         0
   575/599     6.44G   0.02003  0.002903         0   0.02293        26       640    0.9473    0.8889    0.9628    0.7808   0.06895  0.004796         0
   576/599     6.44G   0.02063  0.002862         0   0.02349        26       640    0.9472    0.8889    0.9632     0.781   0.06864  0.004827         0
   577/599     6.44G   0.02509  0.002726         0   0.02782        35       640    0.9596    0.8889    0.9643    0.7914   0.06864  0.004856         0
   578/599     6.44G   0.01569  0.002901         0   0.01859        32       640    0.9605    0.9012    0.9653    0.7915   0.06897  0.004886         0
   579/599     6.44G    0.0199  0.002705         0    0.0226        32       640         1    0.8752    0.9692    0.7996   0.06929  0.004845         0
   580/599     6.44G    0.0198  0.002739         0   0.02254        27       640         1    0.8887      0.97    0.8027    0.0696  0.004797         0
   581/599     6.44G   0.01581  0.002772         0   0.01858        27       640    0.9998    0.8889    0.9685    0.7956   0.06952   0.00477         0
   582/599     6.44G   0.01594  0.002714         0   0.01865        30       640    0.9862    0.8889    0.9671    0.7896   0.06914   0.00477         0
   583/599     6.44G   0.01063  0.002695         0   0.01332        31       640    0.9726    0.8889    0.9637    0.7862   0.06881  0.004788         0
   584/599     6.44G   0.02097  0.002771         0   0.02374        32       640      0.96    0.8885    0.9613    0.7787   0.06886  0.004804         0
   585/599     6.44G    0.0163  0.002687         0   0.01899        25       640    0.9358    0.9012    0.9606    0.7769   0.06897  0.004791         0
   586/599     6.44G   0.01626  0.002805         0   0.01906        30       640      0.96    0.8886    0.9636    0.7841   0.06895  0.004753         0
   587/599     6.44G    0.0201  0.002746         0   0.02284        39       640    0.9729    0.8889    0.9659    0.7756   0.06889  0.004727         0
   588/599     6.44G   0.02501  0.002487         0   0.02749        28       640    0.9999    0.8765    0.9679    0.7749   0.06899  0.004753         0
   589/599     6.44G    0.0101  0.002765         0   0.01287        28       640    0.9994    0.8765    0.9669    0.7769   0.06923  0.004771         0
   590/599     6.44G   0.02014  0.002776         0   0.02291        41       640    0.9861    0.8763    0.9654    0.7718   0.06939  0.004782         0
   591/599     6.44G   0.01121  0.002592         0    0.0138        23       640         1    0.8765    0.9649     0.774   0.06936  0.004767         0
   592/599     6.44G   0.01022  0.002641         0   0.01286        32       640         1    0.8765    0.9651    0.7753   0.06923  0.004783         0
   593/599     6.44G   0.01623  0.003089         0   0.01932        30       640    0.9605     0.901    0.9665    0.7783   0.06916  0.004803         0
   594/599     6.44G   0.01091   0.00288         0   0.01379        40       640    0.9722    0.8765    0.9647    0.7801   0.06918  0.004839         0
   595/599     6.44G   0.01039  0.002811         0   0.01321        34       640    0.9859    0.8765    0.9632    0.7866   0.06904   0.00484         0
   596/599     6.44G   0.01598  0.002826         0    0.0188        23       640    0.9726    0.8759    0.9636    0.7841   0.06882   0.00481         0
   597/599     6.44G   0.01524  0.002765         0     0.018        30       640    0.9863    0.8885    0.9669    0.7933   0.06889  0.004809         0
   598/599     6.44G   0.02494   0.00297         0   0.02791        34       640    0.9864    0.9012    0.9696    0.7961   0.06893   0.00482         0
   599/599     6.44G   0.01088   0.00264         0   0.01352        24       640    0.9865    0.9011    0.9713    0.7973    0.0688  0.004836         0
