     0/299        2G   0.08295    0.0196         0    0.1025        98       640   0.01958   0.03704  0.003087 0.0006326    0.1234   0.01654         0
     1/299     9.51G   0.07991   0.01609         0     0.096        92       640   0.06001   0.02469   0.00643  0.001342    0.1015   0.01303         0
     2/299     10.4G   0.07344   0.01162         0   0.08507        96       640   0.02563    0.1111  0.009552  0.001605   0.09261   0.01049         0
     3/299     10.4G   0.07148  0.008796         0   0.08027        84       640   0.02112   0.09877   0.01191  0.004618   0.08881  0.009059         0
     4/299     10.4G   0.06701  0.007884         0   0.07489        94       640   0.02349   0.06173  0.008501  0.001811   0.08535  0.008624         0
     5/299     10.4G   0.06799   0.00713         0   0.07512        74       640   0.01966    0.1235   0.01214  0.002609   0.09038  0.008607         0
     6/299     10.4G   0.06299  0.007042         0   0.07003        91       640   0.03636    0.2346   0.02323  0.005984   0.08499  0.008416         0
     7/299     10.4G   0.06087  0.006917         0   0.06779        90       640   0.03856   0.09877   0.01928  0.005249   0.08347  0.008303         0
     8/299     10.4G   0.05923  0.006676         0    0.0659        78       640   0.04299     0.284   0.02414  0.005495   0.08089  0.008489         0
     9/299     10.4G   0.05648  0.006908         0   0.06339        80       640   0.04776    0.3827   0.03103    0.0087   0.07661  0.008478         0
    10/299     10.4G   0.05576   0.00714         0    0.0629        90       640   0.06248     0.321   0.03893   0.01064   0.08109  0.008617         0
    11/299     10.4G   0.05447  0.007491         0   0.06196        91       640    0.1033     0.321   0.06873   0.02232   0.07538  0.008896         0
    12/299     10.4G   0.05567  0.007102         0   0.06277        83       640    0.1244    0.4157   0.08335   0.02315   0.06959  0.008682         0
    13/299     10.4G   0.05377  0.007484         0   0.06126       108       640     0.185    0.4938    0.1298   0.04336   0.06746  0.008846         0
    14/299     10.4G   0.05238  0.007096         0   0.05948        82       640    0.1793    0.5926    0.1463   0.06292   0.06254  0.009021         0
    15/299     10.4G   0.05327  0.006965         0   0.06024       102       640    0.2796    0.5847    0.3044    0.1395   0.08929  0.008338         0
    16/299     10.4G   0.05158  0.007317         0   0.05889        88       640    0.3011    0.4074    0.3489    0.1597   0.09269  0.008104         0
    17/299     10.4G   0.05349  0.006582         0   0.06008        69       640    0.3321    0.5802    0.4128    0.1615   0.09255  0.008022         0
    18/299     10.4G   0.04647  0.006995         0   0.05347        87       640     0.484    0.4321     0.429    0.1866   0.09026   0.00821         0
    19/299     10.4G    0.0438  0.006898         0    0.0507        91       640     0.538    0.4444    0.4523    0.2162   0.08816  0.008029         0
    20/299     10.4G   0.04827  0.006434         0   0.05471        80       640    0.2676    0.4938     0.279    0.1071   0.09172  0.008001         0
    21/299     10.4G   0.05739  0.006764         0   0.06415        76       640    0.2447    0.6049    0.2667    0.0892    0.0908  0.008132         0
    22/299     10.4G   0.04979  0.006643         0   0.05644        78       640    0.3394    0.5961    0.4128    0.2096   0.09019  0.008096         0
    23/299     10.4G    0.0564  0.006771         0   0.06317        92       640      0.33    0.6296    0.3686    0.1716   0.09156   0.00771         0
    24/299     10.4G   0.03112  0.007014         0   0.03813        91       640    0.4481    0.5514    0.4238    0.2519   0.08941  0.007802         0
    25/299     10.4G   0.06453  0.006597         0   0.07112        79       640    0.3985     0.589    0.3851     0.205   0.09052  0.007667         0
    26/299     10.4G   0.04526  0.006637         0   0.05189        90       640    0.3324    0.6269     0.382    0.2086   0.09205  0.007488         0
    27/299     10.4G   0.03281  0.006453         0   0.03927        80       640    0.4275    0.6296    0.4822     0.283    0.0893  0.007627         0
    28/299     10.4G   0.05043  0.006218         0   0.05664        92       640    0.4603     0.679    0.4893    0.3042    0.0876  0.007655         0
    29/299     10.4G   0.04925  0.006356         0    0.0556        87       640    0.4792    0.4444     0.382    0.1941   0.08912  0.007734         0
    30/299     10.4G   0.03847  0.006438         0    0.0449        83       640    0.3919    0.4321    0.3293    0.2019   0.08234  0.007681         0
    31/299     10.4G   0.04142  0.006254         0   0.04767        76       640    0.2384    0.1605   0.06986   0.02522   0.09416  0.008008         0
    32/299     10.4G   0.03852  0.006281         0    0.0448        83       640   0.08157    0.1111    0.0244   0.01062    0.0926  0.008479         0
    33/299     10.4G   0.03498  0.006325         0    0.0413        81       640    0.2364    0.1852   0.07573   0.02902   0.07495  0.008699         0
    34/299     10.4G   0.04933  0.006396         0   0.05572        77       640    0.1109    0.2469   0.04669   0.01848   0.08099  0.008638         0
    35/299     10.4G   0.04921  0.006122         0   0.05533        71       640    0.1112    0.2593   0.06312   0.02839   0.08606  0.008412         0
    36/299     10.4G   0.03208  0.006314         0   0.03839        95       640    0.2377    0.3086    0.1613   0.07555   0.08228  0.008554         0
    37/299     10.4G    0.0499  0.006439         0   0.05634        84       640         0         0         0         0    0.1117     30.08         0
    38/299     10.4G   0.06618   0.00629         0   0.07247        77       640         0         0         0         0    0.1544     10.49         0
    39/299     10.4G   0.04574  0.006704         0   0.05245        70       640         0         0         0         0    0.1523     5.848         0
    40/299     10.4G   0.05744  0.006737         0   0.06417        78       640         0         0         0         0       0.1   0.03448         0
    41/299     10.4G    0.0609   0.00678         0   0.06768        81       640 0.0003021   0.04938 1.591e-05 2.524e-06   0.09535   0.01039         0
    42/299     10.4G   0.05114  0.006862         0     0.058        76       640   0.02002   0.04938  0.001384 0.0006082   0.09047   0.01143         0
    43/299     10.4G   0.05495  0.007143         0   0.06209        94       640   0.08055   0.03704   0.02622   0.01945   0.09793  0.009751         0
    44/299     10.4G    0.0594  0.006994         0    0.0664        84       640  0.001451   0.01235 0.0001145  2.87e-05    0.1103   0.00981         0
    45/299     10.4G   0.04693  0.007136         0   0.05407        83       640         0         0         0         0    0.1186   0.01035         0
    46/299     10.4G   0.04241  0.006432         0   0.04884        70       640 0.0005349   0.02469 1.618e-05 2.308e-06    0.1293  0.007345         0
    47/299     10.4G   0.05641   0.00671         0   0.06312        84       640 0.0004569   0.04938 2.877e-05 3.888e-06    0.1295  0.006681         0
    48/299     10.4G   0.04415  0.006934         0   0.05109        71       640  0.006822   0.01235 0.0003733  6.93e-05    0.1264  0.006607         0
    49/299     10.4G   0.04131  0.006653         0   0.04797        88       640 0.0002918   0.07407 2.976e-05 4.035e-06    0.1445     1.595         0
    50/299     10.4G   0.03586  0.006565         0   0.04243        76       640  0.000796    0.1975 0.0002177 3.098e-05    0.1382     1.327         0
    51/299     10.4G   0.05128  0.006737         0   0.05802        71       640 8.203e-05   0.01235 1.334e-06 1.334e-07    0.1422    0.1925         0
    52/299     10.4G   0.04242  0.006737         0   0.04916        86       640 9.817e-05   0.02469 2.892e-06 2.892e-07    0.1378   0.03635         0
    53/299     10.4G   0.04806  0.006309         0   0.05437        84       640 0.0007444    0.1728 0.0001405 1.708e-05    0.1346    0.0171         0
    54/299     10.4G   0.06697  0.006697         0   0.07367        87       640  0.003783   0.06173 0.0008709 0.0001164    0.1266  0.008202         0
    55/299     10.4G   0.05219  0.006762         0   0.05895        90       640   0.02159   0.04938  0.005614   0.00108    0.1157  0.007793         0
    56/299     10.4G   0.03707  0.006548         0   0.04362        82       640      0.12   0.07407   0.02698  0.005681    0.1101  0.007519         0
    57/299     10.4G   0.04514   0.00661         0   0.05175        79       640    0.4901    0.1728    0.1672   0.05369    0.1075  0.007497         0
    58/299     10.4G   0.04024   0.00658         0   0.04682        86       640    0.6204    0.1975    0.2402    0.1105    0.1058  0.007669         0
    59/299     10.4G   0.04258  0.006705         0   0.04929        84       640    0.1408    0.2716   0.08763   0.03603    0.1067  0.008273         0
    60/299     10.4G    0.0524  0.006935         0   0.05933        76       640    0.2333     0.321    0.1166   0.05243    0.1033  0.008433         0
    61/299     10.4G   0.04248  0.006396         0   0.04888        70       640    0.3586    0.2716    0.1767    0.0879    0.1029  0.008161         0
    62/299     10.4G   0.04679  0.007152         0   0.05394        96       640    0.3085    0.3579    0.2257    0.1149    0.1036  0.007674         0
    63/299     10.4G   0.03182  0.006746         0   0.03857        80       640    0.4171     0.284    0.2727    0.1578    0.1017  0.007792         0
    64/299     10.4G   0.05165  0.006834         0   0.05848        89       640    0.1119    0.1235   0.06079   0.02368    0.1161  0.007341         0
    65/299     10.4G    0.0411  0.006306         0   0.04741        80       640   0.04225    0.2593   0.01811  0.003944    0.1154  0.008387         0
    66/299     10.4G   0.03956  0.006361         0   0.04592        65       640    0.0503    0.3457   0.02749  0.009255    0.1129  0.007788         0
    67/299     10.4G   0.03893  0.006785         0   0.04572        88       640    0.2147    0.1975   0.09941   0.04277    0.1088  0.007432         0
    68/299     10.4G   0.03668  0.006242         0   0.04293        73       640    0.2858    0.2593    0.1397   0.06418    0.1069   0.00736         0
    69/299     10.4G   0.04744  0.006277         0   0.05371        77       640    0.2671    0.4074    0.2151    0.1083    0.1038  0.007582         0
    70/299     10.4G   0.03447  0.006678         0   0.04115        90       640    0.3318     0.358    0.2217    0.1142    0.1005  0.007862         0
    71/299     10.4G   0.03947  0.006756         0   0.04623        72       640     0.354    0.3315    0.2413   0.09158    0.1007  0.007992         0
    72/299     10.4G   0.03415   0.00669         0   0.04084        86       640     0.336    0.4074    0.2409     0.126    0.1009  0.007904         0
    73/299     10.4G   0.03759  0.006675         0   0.04427        87       640    0.5655    0.3457     0.322    0.1581    0.1022   0.00751         0
    74/299     10.4G   0.03171  0.006701         0   0.03842        96       640    0.3997    0.4321    0.3201    0.1541    0.1045  0.007011         0
    75/299     10.4G   0.02956   0.00703         0   0.03659       101       640    0.4728    0.4444    0.3567    0.1975    0.1024  0.007085         0
    76/299     10.4G   0.03721  0.006428         0   0.04364        71       640    0.3521    0.4938    0.3457    0.1764     0.101  0.007168         0
    77/299     10.4G   0.03839  0.007102         0    0.0455        97       640    0.4301     0.358    0.3098    0.1842   0.09809  0.007487         0
    78/299     10.4G   0.02905  0.006534         0   0.03559        70       640    0.5172     0.358    0.3768    0.2173   0.09664  0.007667         0
    79/299     10.4G   0.02876  0.006812         0   0.03557        87       640    0.4789    0.4321    0.4176    0.2335   0.09571  0.007671         0
    80/299     10.4G   0.02922  0.006801         0   0.03602        92       640    0.4918    0.4444    0.4068    0.2261   0.09518  0.007704         0
    81/299     10.4G   0.02825  0.006551         0    0.0348        72       640    0.4794    0.4568    0.4248    0.2525   0.09437  0.007687         0
    82/299     10.4G   0.02942  0.006405         0   0.03582        82       640    0.4925    0.4313    0.4014     0.247    0.0937  0.007816         0
    83/299     10.4G    0.0499  0.006513         0   0.05641        80       640    0.5076    0.3946    0.3913    0.2301   0.09316  0.007815         0
    84/299     10.4G   0.02871  0.006672         0   0.03538        79       640    0.4727    0.4691    0.4489    0.2612   0.09276  0.007673         0
    85/299     10.4G   0.02803  0.006808         0   0.03484        95       640    0.5181    0.4938    0.4967    0.2993    0.0915  0.007634         0
    86/299     10.4G   0.02747  0.006397         0   0.03387        86       640    0.5461    0.5062    0.5013    0.2974   0.09061  0.007814         0
    87/299     10.4G    0.0272  0.006764         0   0.03396        86       640    0.5476    0.4938    0.5424    0.3252   0.08924  0.007792         0
    88/299     10.4G   0.02684  0.006693         0   0.03353        83       640    0.6991    0.4074    0.5337    0.3257    0.0907  0.007514         0
    89/299     10.4G   0.04118  0.006432         0   0.04761        90       640    0.6126    0.4686    0.5335     0.328   0.09349   0.00707         0
    90/299     10.4G   0.03704  0.006474         0   0.04352        98       640    0.5688    0.5062    0.5553    0.3003   0.09262  0.007089         0
    91/299     10.4G   0.03762  0.006211         0   0.04383        86       640    0.6129    0.4691    0.5417    0.3038   0.09409   0.00691         0
    92/299     10.4G   0.03627   0.00651         0   0.04278        80       640    0.5494    0.5309    0.5325    0.3144   0.09445  0.006875         0
    93/299     10.4G   0.02594  0.006013         0   0.03195        77       640    0.5943    0.5426    0.5395    0.3424   0.09423  0.006914         0
    94/299     10.4G   0.03574   0.00644         0   0.04218        98       640    0.7442    0.5062    0.5883    0.3401   0.09364  0.006809         0
    95/299     10.4G   0.02961  0.006321         0   0.03593        85       640    0.6717    0.4815    0.5818    0.3311   0.09298   0.00681         0
    96/299     10.4G   0.02532  0.006478         0    0.0318        94       640    0.5036    0.5679    0.5409    0.3331   0.09293  0.006968         0
    97/299     10.4G   0.02489   0.00582         0   0.03071        85       640    0.4893    0.6173    0.5466    0.3384   0.09262  0.006816         0
    98/299     10.4G   0.02595  0.006169         0   0.03212        86       640    0.5676    0.5679    0.6026    0.3487   0.09281  0.006808         0
    99/299     10.4G   0.02468  0.006294         0   0.03098        75       640    0.5879    0.4938    0.5785    0.3484   0.09166  0.006834         0
   100/299     10.4G   0.02785  0.006472         0   0.03432        99       640    0.6914    0.5532     0.632    0.3854   0.09019  0.006868         0
   101/299     10.4G    0.0253  0.006331         0   0.03163        93       640    0.6128    0.7037    0.6449    0.4158    0.0886   0.00701         0
   102/299     10.4G   0.02518     0.006         0   0.03118       103       640    0.5696    0.5555    0.6092    0.3723   0.08763  0.007299         0
   103/299     10.4G   0.02535  0.006064         0   0.03141        92       640    0.5223     0.567    0.5816    0.3762    0.0874  0.007406         0
   104/299     10.4G    0.0232  0.006299         0    0.0295        95       640    0.5975    0.6049     0.619    0.3915   0.08577  0.007279         0
   105/299     10.4G    0.0343  0.005938         0   0.04024        90       640    0.5924     0.592    0.6055    0.3706   0.08661  0.007321         0
   106/299     10.4G   0.02454  0.005594         0   0.03013        79       640    0.6206    0.6663    0.6502    0.4053   0.08627  0.007189         0
   107/299     10.4G   0.03687  0.005895         0   0.04276        82       640    0.6246     0.679    0.6703      0.44    0.0863  0.007161         0
   108/299     10.4G   0.02453  0.005944         0   0.03047        90       640    0.5998    0.6667    0.6573    0.4225    0.0865  0.007183         0
   109/299     10.4G   0.02294  0.005918         0   0.02886        89       640    0.7535    0.6417    0.7288    0.4339   0.08664  0.006827         0
   110/299     10.4G   0.02483  0.006041         0   0.03087        84       640     0.666    0.6914     0.725      0.44    0.0855  0.006962         0
   111/299     10.4G   0.03828  0.005686         0   0.04397        91       640    0.7316    0.6543    0.7282    0.4316   0.08641  0.007033         0
   112/299     10.4G   0.02269  0.005877         0   0.02857        92       640    0.6942    0.6727    0.7212    0.4746   0.08635  0.006738         0
   113/299     10.4G   0.02299  0.005731         0   0.02872        92       640      0.64     0.642    0.6924    0.4635   0.08752  0.006602         0
   114/299     10.4G   0.02286  0.005392         0   0.02825        88       640    0.8283    0.6049    0.7157    0.4596   0.08828  0.006392         0
   115/299     10.4G   0.02158  0.005867         0   0.02745        94       640    0.7792    0.5663    0.6818    0.4382   0.08834  0.006332         0
   116/299     10.4G    0.0229  0.005135         0   0.02804        94       640    0.7856     0.543    0.6626    0.4629   0.08879  0.006426         0
   117/299     10.4G   0.03233  0.005635         0   0.03796        91       640     0.761    0.6296    0.7081    0.4595   0.08723  0.006442         0
   118/299     10.4G   0.02169  0.005371         0   0.02706        81       640    0.6744     0.716    0.7155    0.4827    0.0886  0.006338         0
   119/299     10.4G   0.03172  0.005765         0   0.03749        75       640    0.6997    0.6903    0.7149    0.4732   0.08812  0.006465         0
   120/299     10.4G   0.02191  0.005564         0   0.02747        86       640    0.6975      0.74    0.7257    0.4921   0.08831  0.006363         0
   121/299     10.4G   0.05073  0.005791         0   0.05653        83       640    0.7176    0.6914    0.7592    0.5089   0.08816  0.006135         0
   122/299     10.4G   0.02235  0.005278         0   0.02763        93       640    0.7662    0.7283    0.7809    0.5173   0.08681  0.006103         0
   123/299     10.4G   0.02201  0.005651         0   0.02766        76       640    0.6879    0.7901     0.767    0.5214   0.08658  0.006061         0
   124/299     10.4G    0.0401  0.005171         0   0.04527        82       640    0.8796     0.642    0.7565    0.5026   0.08856  0.006201         0
   125/299     10.4G   0.03285  0.005484         0   0.03833        79       640    0.8221    0.6275    0.7387    0.4645   0.09058   0.00616         0
   126/299     10.4G   0.02121  0.005498         0   0.02671        90       640    0.7968    0.6777    0.7671    0.4914   0.08816  0.006297         0
   127/299     10.4G   0.02261  0.005395         0     0.028        92       640    0.7061     0.716    0.7165    0.4753   0.08905  0.006286         0
   128/299     10.4G   0.02057   0.00531         0   0.02588        88       640    0.6481    0.7778    0.7715    0.4638   0.08762  0.006136         0
   129/299     10.4G   0.02223  0.004811         0   0.02704        84       640    0.6663    0.8148      0.76    0.4948   0.08603  0.006341         0
   130/299     10.4G   0.02085  0.005077         0   0.02593        79       640    0.7292    0.7978    0.7942    0.5063   0.08564    0.0064         0
   131/299     10.4G    0.0214  0.004995         0    0.0264        84       640    0.8322    0.7407    0.7843    0.5541   0.08448  0.006324         0
   132/299     10.4G   0.02055  0.004981         0   0.02554        75       640    0.7698    0.8272     0.806    0.5414   0.08472   0.00614         0
   133/299     10.4G   0.03457  0.005428         0      0.04        72       640    0.5432    0.4815    0.4598    0.2778   0.09476  0.008988         0
   134/299     10.4G    0.0259  0.005496         0    0.0314        86       640    0.5193    0.4074    0.3599    0.2427   0.09686  0.009724         0
   135/299     10.4G   0.03239  0.005863         0   0.03825        87       640  0.006042    0.3333  0.003106  0.001762    0.1023   0.06149         0
   136/299     10.4G   0.03647  0.006457         0   0.04293        76       640 0.0001477   0.03704  6.19e-06 1.494e-06    0.1217     7.551         0
   137/299     10.4G   0.03818  0.006357         0   0.04454        76       640 0.0003921   0.07407 3.222e-05 1.231e-05     0.102    0.1727         0
   138/299     10.4G   0.04444  0.006212         0   0.05065        87       640     0.152   0.02469  0.007177  0.002158    0.1038    0.0139         0
   139/299     10.4G   0.03397  0.006039         0   0.04001        76       640  0.008602   0.04938 0.0004763 0.0002126    0.1116    0.0133         0
   140/299     10.4G   0.03942  0.005715         0   0.04514        81       640    0.6571   0.02469    0.0173  0.008383    0.1069   0.01378         0
   141/299     10.4G   0.03403  0.005537         0   0.03957        70       640    0.4322   0.08642   0.07321   0.03951   0.09908   0.01345         0
   142/299     10.4G   0.02498  0.006473         0   0.03146        80       640    0.4591    0.5185    0.3834    0.1926   0.09101    0.0104         0
   143/299     10.4G   0.04314   0.00598         0   0.04912        90       640    0.6764    0.4691    0.5345    0.3131    0.0878  0.009224         0
   144/299     10.4G   0.05804  0.005945         0   0.06398        77       640    0.7141    0.4938    0.5818    0.3538   0.08612  0.008908         0
   145/299     10.4G   0.04181  0.005699         0   0.04751        94       640    0.6711    0.5038    0.5664    0.3574   0.08682  0.008302         0
   146/299     10.4G   0.04198   0.00632         0    0.0483        89       640    0.6281    0.5432    0.5691    0.3571   0.08583  0.008217         0
   147/299     10.4G   0.04093  0.006041         0   0.04697        84       640    0.6841    0.4568    0.5694    0.3437   0.08333  0.007927         0
   148/299     10.4G   0.05465  0.006243         0   0.06089        88       640    0.4476     0.321    0.2849    0.1578    0.0926  0.009011         0
   149/299     10.4G   0.03262  0.006087         0   0.03871        79       640    0.6561    0.2591    0.3328    0.1935    0.0918   0.00905         0
   150/299     10.4G   0.05489  0.006131         0   0.06102        83       640    0.6064    0.4198    0.4838    0.2842   0.08725  0.008332         0
   151/299     10.4G   0.03395  0.006005         0   0.03995        89       640    0.4791    0.4444    0.4185    0.2381   0.08864  0.008589         0
   152/299     10.4G   0.04274  0.005626         0   0.04837        80       640    0.5047    0.5309    0.4986    0.3071   0.08769  0.007986         0
   153/299     10.4G   0.04257  0.005834         0   0.04841        87       640    0.4853     0.642    0.5595     0.364   0.08681  0.007601         0
   154/299     10.4G   0.04164  0.005575         0   0.04721        83       640    0.6285    0.6914    0.6912    0.4615   0.08377  0.007244         0
   155/299     10.4G   0.02228  0.005444         0   0.02773        86       640    0.7571    0.6543    0.7338    0.4741    0.0829  0.007191         0
   156/299     10.4G   0.05056  0.005599         0   0.05616        83       640    0.8243    0.5802    0.7276    0.4853   0.08271  0.006895         0
   157/299     10.4G   0.03176  0.005152         0   0.03691        84       640    0.8123    0.6667    0.7456    0.5161   0.08247  0.006951         0
   158/299     10.4G   0.03103  0.005325         0   0.03636        87       640    0.9027    0.6914    0.8098     0.568   0.08011  0.006828         0
   159/299     10.4G   0.02611  0.005307         0   0.03142        83       640    0.8805    0.6543    0.7891    0.5722   0.08088  0.006907         0
   160/299     10.4G   0.03984  0.005022         0   0.04486        86       640    0.8507    0.7035    0.8078    0.5527   0.08122  0.006866         0
   161/299     10.4G   0.02075  0.005256         0   0.02601        81       640    0.8614    0.6914    0.8004    0.5388   0.08145  0.007045         0
   162/299     10.4G   0.03219  0.006343         0   0.03853        90       640 0.0001463   0.03704 5.999e-06 5.999e-07      0.14     1.414         0
   163/299     10.4G   0.04292  0.006575         0    0.0495        82       640 0.0008146    0.1358 0.0001478 2.075e-05    0.1365    0.6043         0
   164/299     10.4G   0.04231  0.006526         0   0.04884        89       640 0.0004788    0.1358 9.641e-05 1.511e-05    0.1354     1.815         0
   165/299     10.4G   0.04515  0.006372         0   0.05152        92       640 0.0002694   0.07407   2.5e-05 2.817e-06    0.1497     1.022         0
   166/299     10.4G   0.06591  0.006253         0   0.07216        92       640         0         0         0         0    0.1452     5.379         0
   167/299     10.4G   0.07756  0.006365         0   0.08393        98       640 0.0007653    0.2222 0.0002732   3.8e-05    0.1409     24.71         0
   168/299     10.4G   0.05158   0.00642         0     0.058        89       640  0.001259    0.1358 0.0002474 3.081e-05    0.1398      3.53         0
   169/299     10.4G   0.05981  0.006151         0   0.06596        79       640  0.001217     0.358 0.0007223 8.491e-05    0.1467     5.869         0
   170/299     10.4G    0.0535  0.006399         0    0.0599        85       640  0.001542    0.4568  0.001031 0.0001311    0.1441     11.78         0
   171/299     10.4G   0.06684  0.006718         0   0.07355        84       640 0.0008209    0.1852 0.0001714 2.352e-05    0.1355     4.302         0
   172/299     10.4G   0.05061  0.006409         0   0.05702        82       640  0.002525   0.04938 0.0004151 4.584e-05    0.1286     0.342         0
   173/299     10.4G   0.03227  0.006465         0   0.03874        96       640  0.009896   0.01235  0.001067 0.0001392    0.1209   0.07124         0
   174/299     10.4G   0.03211  0.006295         0    0.0384        89       640   0.03639   0.03704  0.009349  0.002526    0.1167   0.04766         0
   175/299     10.4G    0.0558  0.006208         0   0.06201        93       640   0.09833   0.02469  0.007136   0.00145    0.1109    0.0148         0
   176/299     10.4G   0.03704   0.00637         0   0.04341        89       640    0.1124     0.111   0.02056  0.004902    0.1069   0.01207         0
   177/299     10.4G   0.03533  0.006136         0   0.04147        76       640    0.1775    0.1235   0.06532   0.02787    0.1042   0.01173         0
   178/299     10.4G    0.0464  0.006397         0    0.0528        93       640    0.6944    0.1964    0.2174    0.1447    0.1012  0.009514         0
   179/299     10.4G   0.03774  0.005772         0   0.04352        72       640    0.6432    0.2469    0.3011    0.2017   0.09963  0.008348         0
   180/299     10.4G   0.03362  0.006065         0   0.03968       101       640      0.63    0.4415    0.4982    0.3164   0.09612  0.007084         0
   181/299     10.4G   0.05151  0.006037         0   0.05754        91       640    0.6836    0.5679    0.6288    0.3804   0.09114  0.006649         0
   182/299     10.4G   0.03902  0.006283         0   0.04531       108       640     0.759    0.5556    0.6437     0.404   0.08971  0.006653         0
   183/299     10.4G   0.05149  0.005825         0   0.05731        81       640    0.4998    0.4568    0.4402    0.2616    0.0938  0.007466         0
   184/299     10.4G    0.0315  0.006105         0    0.0376        91       640      0.37    0.4074    0.3515    0.2046   0.09258  0.008674         0
   185/299     10.4G   0.03123   0.00595         0   0.03718        91       640    0.4995    0.4074    0.4606    0.2778    0.0898  0.008142         0
   186/299     10.4G   0.04967  0.006426         0    0.0561       102       640      0.41    0.5663     0.485    0.2971   0.08933  0.007542         0
   187/299     10.4G   0.02489   0.00591         0    0.0308        75       640    0.6802    0.3951     0.506    0.3137   0.09076  0.007185         0
   188/299     10.4G   0.05521  0.005569         0   0.06078        82       640     0.467    0.5432    0.5461    0.3512   0.08821  0.007344         0
   189/299     10.4G   0.03442  0.006087         0    0.0405        91       640    0.6893    0.4444    0.5963    0.3906   0.08833  0.007043         0
   190/299     10.4G   0.02356  0.005787         0   0.02934        69       640    0.6216    0.5679    0.6144    0.4057   0.08868  0.006912         0
   191/299     10.4G   0.04472  0.005634         0   0.05035        88       640    0.7198    0.5926    0.6459    0.4186   0.08809  0.006805         0
   192/299     10.4G   0.03921  0.006034         0   0.04524        90       640     0.666     0.642    0.6815    0.4402   0.08734  0.006676         0
   193/299     10.4G   0.03344  0.005789         0   0.03923        72       640     0.683     0.665    0.6952    0.4499   0.08547  0.006884         0
   194/299     10.4G    0.0442  0.005647         0   0.04985        82       640    0.5431    0.7778    0.7066    0.4655   0.08425  0.006954         0
   195/299     10.4G   0.04226  0.005391         0   0.04765        77       640    0.7328    0.5802    0.7061    0.4829   0.08296   0.00712         0
   196/299     10.4G   0.03253   0.00546         0   0.03799        66       640    0.8882    0.5926      0.76    0.5057   0.08323  0.007015         0
   197/299     10.4G   0.02314  0.005502         0   0.02864        87       640    0.8864    0.5802    0.7685    0.5095   0.08298  0.007116         0
   198/299     10.4G   0.05005  0.005348         0   0.05539        80       640    0.9071    0.6049    0.7852    0.5418   0.08112  0.007182         0
   199/299     10.4G   0.03284  0.005732         0   0.03857       103       640    0.9396    0.6049    0.7666    0.5264   0.08103  0.007177         0
   200/299     10.4G   0.04312  0.005362         0   0.04848        84       640    0.8501     0.642    0.7599    0.5369   0.08145  0.007057         0
   201/299     10.4G    0.0222  0.005398         0    0.0276        72       640    0.7819     0.716    0.7996    0.5577   0.08187  0.006851         0
   202/299     10.4G   0.04624  0.005308         0   0.05154        81       640    0.9296    0.6543    0.8111    0.5291   0.08194  0.006855         0
   203/299     10.4G   0.04071  0.005504         0   0.04621        80       640    0.8982    0.6539     0.802    0.5561   0.08117  0.007017         0
   204/299     10.4G   0.04249  0.005117         0   0.04761        77       640    0.7842    0.6296    0.7855    0.5391   0.08105  0.007248         0
   205/299     10.4G   0.04354  0.005369         0   0.04891        84       640    0.7914    0.7027    0.8175    0.5696   0.08024   0.00704         0
   206/299     10.4G   0.02085  0.005377         0   0.02623        89       640     0.863    0.7037    0.8273    0.5706   0.08077  0.006899         0
   207/299     10.4G   0.03142  0.005503         0   0.03692        83       640    0.9134    0.6543    0.8251     0.565   0.08151  0.006808         0
   208/299     10.4G   0.03212  0.005118         0   0.03724        86       640    0.7761    0.7275     0.823    0.5715   0.08128  0.006785         0
   209/299     10.4G   0.02122  0.005269         0   0.02649        86       640     0.943    0.6296     0.822    0.5833   0.08064  0.006842         0
   210/299     10.4G   0.02083  0.005224         0   0.02606        88       640    0.8085     0.679    0.8066     0.554    0.0801  0.006827         0
   211/299     10.4G    0.0309  0.005198         0    0.0361        70       640    0.7929    0.6667    0.7986    0.5588   0.08002  0.006782         0
   212/299     10.4G   0.04126  0.005249         0   0.04651        82       640    0.8929    0.6173    0.8093    0.5827   0.07998  0.006699         0
   213/299     10.4G   0.03026  0.005139         0   0.03539        88       640    0.8666    0.6417    0.8006      0.57   0.08022  0.006785         0
   214/299     10.4G   0.02037  0.005486         0   0.02586        96       640    0.8404    0.6543    0.7944    0.5521   0.08139  0.006574         0
   215/299     10.4G    0.0405   0.00492         0   0.04543        80       640    0.6777    0.7531    0.8066    0.5818   0.08181  0.006296         0
   216/299     10.4G   0.03929  0.005236         0   0.04453        84       640    0.9199    0.5679    0.7948    0.5567   0.08176  0.006224         0
   217/299     10.4G   0.03048  0.005027         0    0.0355        78       640    0.7944     0.716    0.8201    0.5661   0.08129  0.006292         0
   218/299     10.4G   0.02089  0.005068         0   0.02596        84       640    0.8653     0.716    0.8345    0.5717    0.0819  0.006264         0
   219/299     10.4G   0.04085  0.005139         0   0.04599        72       640    0.8688    0.7407    0.8414    0.5895   0.08152  0.006269         0
   220/299     10.4G    0.0303  0.005087         0   0.03539        83       640    0.9331    0.6891    0.8407    0.5973   0.08144  0.006276         0
   221/299     10.4G   0.02864  0.005246         0   0.03389        88       640    0.7529    0.7898    0.8451     0.606   0.08158  0.006189         0
   222/299     10.4G   0.03001  0.004745         0   0.03476        82       640    0.7465    0.7654    0.8362    0.5718   0.08206  0.006196         0
   223/299     10.4G   0.03644   0.00539         0   0.04183        97       640    0.7812     0.617    0.6911    0.4801   0.08577  0.007262         0
   224/299     10.4G   0.04658  0.005916         0    0.0525        91       640    0.4186    0.5432    0.4517    0.2528   0.09287  0.007994         0
   225/299     10.4G   0.04208  0.005976         0   0.04805        90       640    0.5479    0.4938     0.486    0.3028   0.08939   0.00785         0
   226/299     10.4G   0.06191  0.005188         0    0.0671        78       640    0.6885    0.5185    0.6136    0.3979    0.0869  0.007472         0
   227/299     10.4G   0.03249  0.005406         0    0.0379        93       640    0.8412    0.5926    0.7061    0.4625   0.08532   0.00715         0
   228/299     10.4G   0.02134  0.005205         0   0.02654        85       640    0.7821    0.6667    0.7447    0.4927   0.08337  0.007202         0
   229/299     10.4G   0.03182  0.005389         0   0.03721        89       640     0.872     0.679    0.7875    0.5307   0.08214  0.007094         0
   230/299     10.4G   0.04031  0.005468         0   0.04578        89       640    0.8477    0.6914    0.7907    0.5305   0.08257   0.00692         0
   231/299     10.4G   0.05051   0.00516         0   0.05567        97       640      0.77    0.7037    0.7801    0.5109   0.08334  0.006748         0
   232/299     10.4G   0.03139  0.005405         0    0.0368        75       640    0.8459     0.679    0.8051    0.5383   0.08291  0.006565         0
   233/299     10.4G   0.03011  0.005209         0   0.03532        73       640    0.8687    0.6543    0.8048    0.5535   0.08314  0.006502         0
   234/299     10.4G    0.0503  0.005492         0   0.05579        99       640    0.8665     0.642    0.8039    0.5513   0.08275  0.006571         0
   235/299     10.4G   0.03978  0.005139         0   0.04492        88       640    0.8813    0.6419    0.8152    0.5678    0.0819  0.006522         0
   236/299     10.4G   0.03104  0.005427         0   0.03647        83       640    0.9483     0.679    0.8439    0.6037   0.08113  0.006417         0
   237/299     10.4G   0.02969   0.00609         0   0.03578       101       640    0.9344    0.7031    0.8557    0.6059   0.08071  0.006424         0
   238/299     10.4G   0.03521   0.00513         0   0.04034        82       640     0.854    0.7284    0.8442    0.5981   0.08108  0.006366         0
   239/299     10.4G    0.0403  0.005322         0   0.04562        95       640    0.8805     0.728    0.8558    0.6129   0.08055  0.006384         0
   240/299     10.4G   0.02939   0.00549         0   0.03488       101       640    0.8377    0.7649    0.8625    0.6193   0.08042  0.006361         0
   241/299     10.4G    0.0205  0.005393         0    0.0259        86       640    0.8801    0.7284    0.8572     0.611   0.08067  0.006343         0
   242/299     10.4G   0.03054  0.005073         0   0.03562        79       640    0.9167    0.6789    0.8571    0.6127   0.08141  0.006157         0
   243/299     10.4G   0.03967  0.005336         0     0.045        88       640    0.9193    0.7034    0.8634    0.5987   0.08186  0.006078         0
   244/299     10.4G   0.03091  0.005196         0   0.03611        85       640    0.9636    0.6542    0.8427    0.6011   0.08228  0.006034         0
   245/299     10.4G   0.01919  0.005196         0   0.02439       104       640    0.9013     0.679    0.8251     0.579   0.08285  0.005998         0
   246/299     10.4G   0.02866  0.005003         0   0.03366       102       640    0.8764    0.7037    0.8446    0.5816   0.08284  0.005866         0
   247/299     10.4G   0.04918  0.004956         0   0.05414        90       640    0.8897    0.7037    0.8669    0.6014   0.08176  0.005944         0
   248/299     10.4G   0.01925  0.004875         0   0.02412        76       640    0.8654     0.716    0.8556    0.6046   0.08102  0.006026         0
   249/299     10.4G   0.02955  0.004716         0   0.03426        75       640    0.8133    0.7529    0.8508      0.61    0.0813  0.006049         0
   250/299     10.4G   0.02904  0.005248         0   0.03429        76       640    0.9304    0.6667    0.8508    0.6152   0.08095  0.006114         0
   251/299     10.4G   0.03927  0.005043         0   0.04431        97       640    0.9309    0.6667    0.8434    0.6096   0.08122  0.006139         0
   252/299     10.4G   0.02779   0.00488         0   0.03267        89       640    0.8525     0.716     0.843    0.6133   0.08145  0.006011         0
   253/299     10.4G   0.04856  0.004883         0   0.05344        71       640    0.8656     0.716    0.8471    0.6183   0.08064   0.00599         0
   254/299     10.4G   0.02945  0.005173         0   0.03462        91       640     0.918    0.6913    0.8547    0.6077   0.08036  0.006012         0
   255/299     10.4G   0.03889  0.004772         0   0.04367        77       640    0.9016    0.6784    0.8489     0.603   0.08016   0.00603         0
   256/299     10.4G   0.05214  0.004923         0   0.05707        87       640    0.8806    0.7281    0.8625     0.629   0.07952  0.006086         0
   257/299     10.4G   0.02768  0.004874         0   0.03255        85       640    0.9218    0.7281    0.8667    0.6252   0.07949  0.006179         0
   258/299     10.4G   0.01819  0.005034         0   0.02322        72       640    0.8872    0.7768    0.8749    0.6373   0.07948  0.006232         0
   259/299     10.4G   0.03733  0.004439         0   0.04176        83       640    0.8745    0.7284    0.8749    0.6279   0.07909  0.006248         0
   260/299     10.4G   0.02909  0.005145         0   0.03424        91       640    0.9242    0.7531    0.8868    0.6333    0.0792  0.006064         0
   261/299     10.4G   0.03891  0.005149         0   0.04406        90       640    0.9218    0.7284    0.8888    0.6387   0.07896  0.006086         0
   262/299     10.4G   0.03151    0.0048         0   0.03631        79       640    0.9335     0.716     0.886    0.6429   0.07869  0.006206         0
   263/299     10.4G   0.02856  0.004785         0   0.03334        90       640    0.8648      0.79    0.8819    0.6457   0.07819   0.00638         0
   264/299     10.4G   0.03967  0.004662         0   0.04433        72       640    0.8857    0.7652     0.882    0.6399   0.07821  0.006425         0
   265/299     10.4G   0.01843  0.004797         0   0.02323        72       640    0.8857     0.765    0.8776    0.6358    0.0789  0.006376         0
   266/299     10.4G   0.01929  0.004787         0   0.02408        83       640    0.8684    0.8146     0.871    0.6308   0.07916  0.006299         0
   267/299     10.4G   0.03702  0.005032         0   0.04205        83       640    0.7738    0.8024    0.8561    0.6158   0.07976  0.006296         0
   268/299     10.4G   0.03759  0.004333         0   0.04193        89       640      0.79    0.7894    0.8448     0.606    0.0799  0.006362         0
   269/299     10.4G   0.02812  0.004594         0   0.03272        67       640    0.9322    0.6786    0.8589    0.6238   0.07949  0.006186         0
   270/299     10.4G   0.01766  0.004724         0   0.02239        92       640    0.8922     0.716     0.862    0.6218   0.07882  0.006202         0
   271/299     10.4G    0.0181  0.004656         0   0.02276        78       640    0.8378    0.7654    0.8611    0.6191   0.07917  0.006268         0
   272/299     10.4G    0.0287  0.004873         0   0.03357        94       640    0.9075    0.7284    0.8561    0.6218   0.07916  0.006304         0
   273/299     10.4G   0.01819  0.004804         0   0.02299        72       640    0.9196     0.716    0.8631    0.6399   0.07864  0.006314         0
   274/299     10.4G    0.0287  0.004718         0   0.03342        97       640    0.8939    0.7282    0.8714    0.6311   0.07824  0.006246         0
   275/299     10.4G   0.02745  0.005046         0   0.03249        76       640    0.8916     0.716    0.8612    0.6188   0.07765   0.00641         0
   276/299     10.4G   0.01835  0.005004         0   0.02336        81       640     0.813    0.7531    0.8624    0.6339   0.07715  0.006431         0
   277/299     10.4G   0.05752  0.005002         0   0.06252        86       640    0.7706    0.7878    0.8675    0.6362   0.07728   0.00646         0
   278/299     10.4G   0.02883  0.004729         0   0.03355        84       640    0.8676    0.7407    0.8723    0.6351   0.07749  0.006483         0
   279/299     10.4G   0.02778  0.004296         0   0.03208        63       640     0.831    0.7901    0.8826    0.6401   0.07761  0.006355         0
   280/299     10.4G   0.02735  0.004664         0   0.03202        86       640     0.871    0.7531    0.8767    0.6372   0.07769  0.006331         0
   281/299     10.4G    0.0379  0.004807         0    0.0427        75       640    0.8937    0.7284    0.8728    0.6443   0.07728  0.006356         0
   282/299     10.4G   0.03767  0.004813         0   0.04248        91       640    0.8466    0.7531    0.8671    0.6384    0.0771  0.006375         0
   283/299     10.4G   0.02818  0.004608         0   0.03279        76       640    0.8565    0.7407    0.8753    0.6494   0.07709  0.006308         0
   284/299     10.4G   0.02775  0.004575         0   0.03233        74       640    0.9179    0.6906    0.8723    0.6458   0.07739  0.006245         0
   285/299     10.4G   0.03714   0.00444         0   0.04158        82       640    0.7875    0.7777    0.8617    0.6398   0.07734  0.006314         0
   286/299     10.4G   0.02777  0.004913         0   0.03268        87       640     0.845    0.7405    0.8534    0.6466   0.07754  0.006351         0
   287/299     10.4G   0.01798  0.004503         0   0.02248        87       640    0.9048    0.7036     0.857    0.6393   0.07797  0.006248         0
   288/299     10.4G   0.01803  0.004923         0   0.02295        76       640     0.884    0.7528    0.8638    0.6481   0.07735  0.006294         0
   289/299     10.4G    0.0368  0.004976         0   0.04177        84       640    0.8854    0.7654    0.8767    0.6505   0.07704  0.006328         0
   290/299     10.4G    0.0379   0.00455         0   0.04245        68       640    0.8626    0.7753    0.8823    0.6631   0.07671  0.006386         0
   291/299     10.4G   0.01749  0.004487         0   0.02197        81       640    0.9369    0.7407    0.8859    0.6672   0.07656  0.006424         0
   292/299     10.4G   0.04729  0.004793         0   0.05208        76       640    0.9385     0.753     0.886     0.669    0.0766  0.006409         0
   293/299     10.4G   0.03875  0.004743         0    0.0435        76       640    0.9218    0.7276    0.8768    0.6561   0.07645  0.006445         0
   294/299     10.4G   0.02718  0.004777         0   0.03195        80       640    0.8938    0.7284    0.8638     0.636   0.07695  0.006496         0
   295/299     10.4G   0.02775  0.004845         0   0.03259        88       640    0.9206     0.716    0.8561    0.6367   0.07698  0.006554         0
   296/299     10.4G   0.02739  0.004778         0   0.03217        78       640    0.8749    0.7778     0.872    0.6479   0.07736  0.006458         0
   297/299     10.4G   0.02827  0.005144         0   0.03342        97       640    0.8667    0.8024    0.8855    0.6635   0.07708  0.006392         0
   298/299     10.4G   0.02782  0.004897         0   0.03272        89       640    0.8873    0.7775    0.8751    0.6465   0.07682  0.006422         0
   299/299     10.4G   0.03599  0.004771         0   0.04076        83       640    0.9009    0.7901    0.8813    0.6583   0.07649  0.006337         0
