      0/99     9.73G   0.04499  0.005853         0   0.05084        99       640    0.4819    0.4031     0.363    0.2107   0.08252  0.009624         0
      1/99     9.65G   0.03694  0.004783         0   0.04173        86       640    0.5665    0.5308    0.5032    0.3318   0.06332  0.009456         0
      2/99     11.4G   0.04185  0.005174         0   0.04702        88       640    0.7128    0.7544    0.7123    0.5658   0.05169  0.007964         0
      3/99     11.4G   0.03481  0.004138         0   0.03895        95       640    0.7536    0.8508    0.7742    0.6656   0.04919  0.006981         0
      4/99     11.4G   0.03478  0.004096         0   0.03887        94       640    0.6697    0.6775    0.6424    0.4853   0.04991  0.009662         0
      5/99     11.4G    0.0402  0.004842         0   0.04505        92       640     0.132   0.08902   0.03972   0.01628   0.08232   0.01135         0
      6/99     11.4G    0.0391  0.005045         0   0.04414        86       640    0.7211    0.7801     0.727    0.5864   0.05269  0.007965         0
      7/99     11.4G   0.03379  0.004411         0    0.0382       109       640    0.7402      0.83    0.7574    0.6338   0.04838  0.007922         0
      8/99     11.4G   0.03423  0.004251         0   0.03849        94       640    0.7461    0.8121    0.7482    0.6258   0.04847   0.00783         0
      9/99     11.4G   0.03307  0.004095         0   0.03717        90       640    0.7592    0.8572    0.7739    0.6659   0.04664  0.007704         0
     10/99     11.4G   0.03077  0.003922         0   0.03469       113       640    0.7518     0.879    0.7766    0.6798   0.04518  0.007877         0
     11/99     11.4G   0.03079  0.003818         0   0.03461        88       640    0.7637    0.8836    0.7872    0.6945   0.04465  0.007867         0
     12/99     11.4G   0.03067  0.003732         0    0.0344        98       640    0.7612    0.8944     0.792    0.7045   0.04448  0.007837         0
     13/99     11.4G   0.03074  0.003677         0   0.03441        95       640    0.7619    0.9017    0.7937    0.7108   0.04395  0.007965         0
     14/99     11.4G   0.03256  0.004072         0   0.03664       103       640    0.7322    0.7757    0.7245    0.6122   0.04797  0.009449         0
     15/99     11.4G   0.04115  0.005039         0   0.04619        94       640    0.4858    0.4219    0.3747    0.2363   0.06737   0.01576         0
     16/99     11.4G   0.03881  0.004759         0   0.04356        95       640    0.5815     0.479    0.4718    0.3276    0.0576   0.01306         0
     17/99     11.4G   0.04054  0.005082         0   0.04562       110       640    0.2383    0.1506   0.09781   0.05313   0.07508   0.01482         0
     18/99     11.4G   0.04003  0.005241         0   0.04527        96       640         0         0         0         0   0.08843   0.01437         0
     19/99     11.4G   0.03635  0.004633         0   0.04098        83       640    0.1282   0.08019   0.03429   0.01702   0.08276   0.01541         0
     20/99     11.4G   0.03563  0.004821         0   0.04045        89       640    0.2413    0.1417   0.08886   0.04894   0.07774   0.01561         0
     21/99     11.4G   0.03978  0.005426         0    0.0452       114       640    0.1497   0.03465   0.01763   0.01003    0.0824   0.01613         0
     22/99     11.4G   0.03919  0.005404         0   0.04459       104       640    0.3274  0.003053     0.006  0.002403   0.08388   0.01653         0
     23/99     11.4G   0.03234  0.004819         0   0.03716        97       640    0.1309   0.03119   0.01528  0.009243   0.08267   0.01661         0
     24/99     11.4G    0.0327   0.00462         0   0.03732        86       640    0.1298   0.08456   0.04032   0.02217   0.07943   0.01671         0
     25/99     11.4G   0.03094   0.00451         0   0.03545       104       640    0.2504     0.119   0.07948   0.04323   0.07627   0.01659         0
     26/99     11.4G   0.03142  0.004453         0   0.03587       129       640    0.2972    0.1661    0.1217   0.06795   0.07359   0.01627         0
     27/99     11.4G   0.03051  0.004485         0   0.03499        83       640    0.3527    0.2082     0.165   0.09505   0.07126   0.01593         0
     28/99     11.4G    0.0344  0.004779         0   0.03918       111       640    0.3242    0.2182     0.165   0.09623   0.07157   0.01586         0
     29/99     11.4G   0.03578  0.004917         0    0.0407        92       640     0.177    0.1037   0.05705   0.03101     0.078   0.01678         0
     30/99     11.4G    0.0348  0.005212         0   0.04002       115       640         0         0         0         0   0.08705   0.01697         0
     31/99     11.4G    0.0325  0.004745         0   0.03725        94       640         0         0         0         0    0.1021   0.01624         0
     32/99     11.4G   0.03326   0.00453         0   0.03779        99       640         0         0         0         0    0.1023   0.01619         0
     33/99     11.4G   0.03156  0.004391         0   0.03595       109       640         0         0         0         0    0.1023   0.01628         0
     34/99     11.4G   0.03139  0.004314         0   0.03571        95       640         0         0         0         0    0.1022   0.01637         0
     35/99     11.4G   0.02983  0.004228         0   0.03406       102       640    0.2627  0.008085  0.005778  0.003464    0.1016   0.01654         0
     36/99     11.4G   0.02989  0.004206         0    0.0341        89       640     0.134   0.02698   0.01382  0.007338    0.1006   0.01666         0
     37/99     11.4G   0.02965  0.004126         0   0.03378       104       640    0.1004    0.0528   0.02325   0.01227   0.09953    0.0168         0
     38/99     11.4G   0.02873  0.004089         0   0.03282       105       640    0.1408   0.06947   0.03406   0.01838   0.09837   0.01689         0
     39/99     11.4G   0.02877  0.004035         0   0.03281        97       640    0.1408   0.09925    0.0467   0.02595   0.09714   0.01701         0
     40/99     11.4G   0.02873  0.003989         0   0.03272       103       640    0.1997    0.1077   0.06108   0.03398    0.0958   0.01718         0
     41/99     11.4G   0.02884  0.003968         0   0.03281        93       640    0.2438    0.1208   0.07709   0.04243   0.09454   0.01727         0
     42/99     11.4G   0.03041   0.00393         0   0.03434       116       640    0.2165    0.1568   0.09192    0.0508   0.09351   0.01732         0
     43/99     11.4G   0.02915  0.003912         0   0.03306        90       640    0.2531    0.1669    0.1056   0.05933   0.09262   0.01741         0
     44/99     11.4G   0.02745  0.003872         0   0.03133        86       640    0.2911    0.1725    0.1177   0.06644   0.09184   0.01756         0
     45/99     11.4G   0.02777  0.003851         0   0.03163        94       640    0.2913    0.1921    0.1287   0.07386   0.09109   0.01768         0
     46/99     11.4G   0.02896  0.003831         0   0.03279       112       640    0.3087    0.2012    0.1386   0.08063   0.09043   0.01783         0
     47/99     11.4G   0.02878  0.003823         0    0.0326       100       640    0.3453    0.1973    0.1453   0.08576   0.08988   0.01798         0
     48/99     11.4G   0.02872  0.003776         0   0.03249       110       640    0.3659    0.1984    0.1508   0.09057   0.08925   0.01824         0
     49/99     11.4G   0.02575  0.003768         0   0.02952       104       640    0.3561    0.2073    0.1552   0.09423   0.08869   0.01849         0
     50/99     11.4G   0.02695   0.00374         0   0.03069        84       640    0.3493    0.2161    0.1579   0.09728   0.08838   0.01871         0
     51/99     11.4G   0.02573  0.003721         0   0.02945       107       640    0.3696     0.217    0.1622    0.1011   0.08808   0.01886         0
     52/99     11.4G    0.0257  0.003705         0    0.0294       106       640    0.3878     0.214    0.1638    0.1029   0.08791   0.01903         0
     53/99     11.4G   0.02693  0.003689         0   0.03062       104       640     0.363    0.2233    0.1635    0.1037   0.08789   0.01918         0
     54/99     11.4G   0.02622  0.003688         0   0.02991       103       640    0.3837    0.2195    0.1632    0.1045   0.08791   0.01934         0
     55/99     11.4G   0.02537  0.003627         0     0.029        92       640    0.3996    0.2122    0.1622    0.1049   0.08807   0.01952         0
     56/99     11.4G   0.02474  0.003629         0   0.02837        99       640    0.4164    0.2096    0.1623    0.1058   0.08832    0.0196         0
     57/99     11.4G   0.02763  0.003607         0   0.03124       105       640    0.4228    0.2104    0.1654    0.1089   0.08832   0.01966         0
     58/99     11.4G   0.02692   0.00359         0   0.03051       126       640    0.4277    0.2152    0.1707     0.113   0.08817   0.01975         0
     59/99     11.4G   0.02512   0.00358         0    0.0287        95       640     0.437    0.2218     0.177    0.1187   0.08794   0.01981         0
     60/99     11.4G   0.02625  0.003568         0   0.02982       102       640    0.4411    0.2322    0.1837    0.1253   0.08785   0.01975         0
     61/99     11.4G   0.02528  0.003552         0   0.02884       105       640    0.4433     0.241    0.1921    0.1325   0.08759    0.0197         0
     62/99     11.4G   0.02751  0.003548         0   0.03106        93       640    0.4482    0.2511    0.2014    0.1408   0.08743   0.01957         0
     63/99     11.4G   0.02592  0.003537         0   0.02945        96       640     0.446    0.2643    0.2138    0.1515   0.08695   0.01946         0
     64/99     11.4G   0.02322  0.003514         0   0.02673       103       640    0.4915    0.2714    0.2303    0.1649   0.08611    0.0193         0
     65/99     11.4G   0.01353  0.003483         0   0.01701       102       640    0.4864    0.2931    0.2491    0.1806   0.08517   0.01915         0
     66/99     11.4G   0.01322   0.00347         0   0.01669       110       640    0.5173    0.3086    0.2731       0.2    0.0841   0.01893         0
     67/99     11.4G   0.01275  0.003461         0   0.01621       113       640    0.5417    0.3341    0.2989    0.2208   0.08294   0.01862         0
     68/99     11.4G   0.01304  0.003436         0   0.01647        84       640    0.5969    0.3428    0.3231    0.2403   0.08182   0.01824         0
     69/99     11.4G   0.01342  0.003441         0   0.01686       111       640    0.5701    0.3813    0.3473    0.2605   0.08208   0.01777         0
     70/99     11.4G   0.01277  0.003443         0   0.01622       114       640    0.6149    0.3979    0.3751    0.2841   0.08479   0.01711         0
     71/99     11.4G   0.01324  0.003426         0   0.01667        86       640    0.6113    0.4316    0.4042    0.3083   0.08518   0.01659         0
     72/99     11.4G   0.01262  0.003427         0   0.01604        83       640    0.6418    0.4493     0.431    0.3313   0.08416   0.01618         0
     73/99     11.4G   0.01248  0.003405         0   0.01588        91       640    0.6685    0.4658     0.455     0.353   0.08301   0.01574         0
     74/99     11.4G   0.01256  0.003389         0   0.01595       107       640    0.6558    0.5035    0.4816    0.3778   0.08165   0.01526         0
     75/99     11.4G   0.01204  0.003355         0   0.01539       105       640    0.6623    0.5325    0.5067    0.4008   0.08024   0.01484         0
     76/99     11.4G   0.01191  0.003377         0   0.01529        97       640    0.6706    0.5587    0.5294    0.4229   0.07893   0.01439         0
     77/99     11.4G    0.0132  0.003334         0   0.01653        92       640    0.6882    0.5789    0.5506    0.4436   0.07772   0.01399         0
     78/99     11.4G   0.01232  0.003335         0   0.01566       101       640       0.7    0.5973    0.5697    0.4633   0.07654   0.01359         0
     79/99     11.4G   0.01165  0.003334         0   0.01498       112       640    0.7085    0.6162      0.59    0.4831   0.07536   0.01318         0
     80/99     11.4G   0.01225  0.003335         0   0.01559       103       640    0.7008    0.6485    0.6101    0.5035   0.07418   0.01276         0
     81/99     11.4G   0.01209  0.003305         0    0.0154        96       640    0.7187    0.6611    0.6285    0.5223   0.07307   0.01238         0
     82/99     11.4G    0.0125  0.003301         0   0.01581        94       640    0.7182    0.6896    0.6474    0.5422     0.072   0.01201         0
     83/99     11.4G   0.01207  0.003294         0   0.01537        95       640    0.7087    0.7239    0.6646    0.5612   0.07098   0.01164         0
     84/99     11.4G   0.01221  0.003271         0   0.01549       100       640    0.7309    0.7241    0.6797     0.578   0.07007   0.01129         0
     85/99     11.4G   0.01229  0.003277         0   0.01557        97       640    0.7216     0.757    0.6926    0.5935   0.06928   0.01099         0
     86/99     11.4G   0.01228   0.00327         0   0.01555       129       640    0.7262    0.7718    0.7052    0.6079    0.0685    0.0107         0
     87/99     11.4G   0.01279  0.003265         0   0.01605       113       640    0.7269    0.7909    0.7169    0.6221   0.06775   0.01041         0
     88/99     11.4G   0.01135  0.003248         0   0.01459        97       640    0.7481    0.7847    0.7272     0.635   0.06709   0.01015         0
     89/99     11.4G   0.01171  0.003244         0   0.01495        93       640    0.7368    0.8142    0.7378    0.6476   0.06645  0.009875         0
     90/99     11.4G   0.01217  0.003244         0   0.01541       114       640    0.7427    0.8255    0.7469    0.6584   0.06589  0.009637         0
     91/99     11.4G   0.01246   0.00323         0   0.01569        80       640    0.7412    0.8432    0.7545    0.6676   0.06539  0.009421         0
     92/99     11.4G   0.01255  0.003225         0   0.01577        98       640    0.7506     0.847    0.7616    0.6763   0.06494  0.009241         0
     93/99     11.4G   0.01262  0.003223         0   0.01584        94       640    0.7502    0.8571    0.7666     0.684   0.06454   0.00909         0
     94/99     11.4G   0.01305  0.003215         0   0.01627       111       640    0.7505    0.8678    0.7711    0.6912   0.06418  0.008944         0
     95/99     11.4G   0.01248  0.003203         0   0.01568       102       640    0.7545     0.873     0.776    0.6974   0.06387  0.008813         0
     96/99     11.4G   0.01264  0.003204         0   0.01584        82       640    0.7488    0.8892      0.78    0.7036    0.0636  0.008709         0
     97/99     11.4G   0.01403  0.003219         0   0.01725        88       640     0.757    0.8861    0.7831    0.7092   0.06334  0.008618         0
     98/99     11.4G   0.01453  0.003195         0   0.01772       101       640    0.7624    0.8869    0.7863    0.7136    0.0631  0.008524         0
     99/99     11.4G   0.01514  0.003194         0   0.01834        84       640     0.757       0.9    0.7889     0.718   0.06288  0.008455         0
   100/299     9.75G    0.0149  0.003205         0    0.0181        99       640    0.7587    0.9042    0.7914    0.7215   0.06267  0.008382         0
   101/299     9.62G   0.03315  0.004875         0   0.03803        86       640    0.4281   0.02285   0.01784   0.01096    0.1022   0.02112         0
   102/299     11.4G   0.03228  0.004728         0   0.03701        88       640         0         0         0         0    0.1043   0.02234         0
   103/299     11.4G   0.03025  0.004414         0   0.03466        95       640         0         0         0         0    0.1042   0.02279         0
   104/299     11.4G   0.03054  0.004295         0   0.03483        94       640         0         0         0         0    0.1044   0.02313         0
   105/299     11.4G   0.03005  0.004197         0   0.03425        92       640         1  8.25e-05  0.005083  0.004066    0.1042   0.02317         0
   106/299     11.4G   0.02976  0.004122         0   0.03389        86       640    0.7843    0.0033  0.007588   0.00661    0.1033   0.02312         0
   107/299     11.4G   0.02885  0.004069         0   0.03292       109       640    0.5584    0.0146   0.01467   0.01019   0.09874     0.023         0
   108/299     11.4G   0.02871  0.004017         0   0.03272        94       640    0.4822   0.04348   0.03271   0.02203    0.0945   0.02261         0
   109/299     11.4G   0.02971  0.004312         0   0.03402        90       640    0.5316   0.02219   0.01852   0.01275    0.0976   0.02259         0
   110/299     11.4G   0.03302  0.005108         0   0.03813       113       640         0         0         0         0    0.1011   0.02305         0
   111/299     11.4G   0.03199  0.004712         0   0.03671        88       640         0         0         0         0     0.101   0.02227         0
   112/299     11.4G    0.0308   0.00445         0   0.03525        98       640         0         0         0         0    0.1005   0.02198         0
   113/299     11.4G   0.02991  0.004319         0   0.03423        95       640      0.75 0.0002475  0.005186  0.003041   0.09926   0.02195         0
   114/299     11.4G    0.0284  0.004213         0   0.03261       103       640    0.3346   0.01427   0.01101  0.006789   0.09741   0.02177         0
   115/299     11.4G   0.03075  0.004154         0   0.03491        94       640     0.238   0.04653   0.02554   0.01506   0.09539   0.02146         0
   116/299     11.4G    0.0308  0.004121         0   0.03492        95       640     0.201   0.08671   0.04345   0.02453    0.0939   0.02105         0
   117/299     11.4G   0.02817  0.004066         0   0.03224       110       640    0.1825    0.1304   0.06256   0.03568   0.09258   0.02072         0
   118/299     11.4G    0.0285  0.004034         0   0.03254        96       640    0.2312    0.1408   0.07904   0.04566   0.09156    0.0204         0
   119/299     11.4G   0.02834  0.004024         0   0.03236        83       640    0.2589    0.1514   0.09177   0.05355   0.09078   0.02013         0
   120/299     11.4G    0.0277  0.003978         0   0.03168        89       640    0.2798    0.1636    0.1041   0.06173   0.08996   0.01986         0
   121/299     11.4G   0.02927  0.003919         0   0.03319       114       640    0.2813     0.185     0.116   0.06996    0.0891   0.01969         0
   122/299     11.4G   0.02885  0.004137         0   0.03298       104       640    0.3195    0.1818    0.1232   0.07527   0.08861   0.01956         0
   123/299     11.4G   0.02852  0.004096         0   0.03262        97       640    0.3085    0.1798    0.1201   0.07364   0.08865   0.01966         0
   124/299     11.4G   0.02952  0.004039         0   0.03356        86       640    0.2983    0.1955    0.1273    0.0792   0.08812   0.01961         0
   125/299     11.4G   0.02844  0.004067         0   0.03251       104       640    0.3373     0.201      0.14   0.08894   0.08741   0.01955         0
   126/299     11.4G   0.02832  0.003935         0   0.03226       129       640    0.3419    0.2274    0.1584    0.1029   0.08646   0.01946         0
   127/299     11.4G   0.02735  0.003849         0    0.0312        83       640     0.376     0.249    0.1845    0.1226    0.0852   0.01924         0
   128/299     11.4G   0.02891  0.003882         0   0.03279       111       640    0.4172    0.2629    0.2089    0.1419   0.08404   0.01896         0
   129/299     11.4G   0.02769  0.003785         0   0.03147        92       640    0.4309    0.2938    0.2371    0.1646   0.08296   0.01864         0
   130/299     11.4G   0.02541   0.00378         0   0.02919       115       640    0.4578    0.3159    0.2633    0.1863   0.08193   0.01838         0
   131/299     11.4G   0.02662  0.003763         0   0.03038        94       640    0.4798    0.3387    0.2885    0.2078   0.08116   0.01808         0
   132/299     11.4G   0.02889  0.003732         0   0.03263        99       640    0.5265    0.3506     0.315    0.2307   0.08044   0.01772         0
   133/299     11.4G   0.02763   0.00371         0   0.03134       109       640    0.5495    0.3727    0.3393    0.2527   0.07989   0.01731         0
   134/299     11.4G     0.028   0.00369         0   0.03169        95       640    0.5483    0.4017    0.3624    0.2737   0.07923   0.01695         0
   135/299     11.4G   0.02684  0.003672         0   0.03051       102       640    0.5802    0.4086    0.3807     0.291   0.07872   0.01661         0
   136/299     11.4G    0.0269  0.003688         0   0.03059        89       640    0.5696    0.4408    0.4033    0.3105   0.07781   0.01629         0
   137/299     11.4G   0.02692  0.003651         0   0.03057       104       640    0.6153    0.4417    0.4226    0.3281   0.07692     0.016         0
   138/299     11.4G   0.02614  0.003654         0    0.0298       105       640     0.593    0.4761    0.4395    0.3435   0.07619    0.0157         0
   139/299     11.4G   0.02617  0.003628         0    0.0298        97       640    0.6176     0.483    0.4553    0.3587   0.07549    0.0154         0
   140/299     11.4G   0.02637  0.003597         0   0.02996       103       640    0.6291    0.4906    0.4667    0.3703   0.07489   0.01514         0
   141/299     11.4G   0.02656  0.003607         0   0.03017        93       640    0.6273    0.5084     0.479    0.3823   0.07424   0.01489         0
   142/299     11.4G    0.0284  0.003585         0   0.03198       116       640    0.6297    0.5222    0.4916    0.3951   0.07352   0.01464         0
   143/299     11.4G   0.02689  0.003576         0   0.03046        90       640    0.6462    0.5292    0.5057    0.4086   0.07276   0.01436         0
   144/299     11.4G   0.02542  0.003551         0   0.02897        86       640    0.6385    0.5513    0.5191    0.4214   0.07203    0.0141         0
   145/299     11.4G   0.02584  0.003541         0   0.02938        94       640    0.6737    0.5474    0.5345    0.4366    0.0712   0.01384         0
   146/299     11.4G   0.02724  0.003531         0   0.03077       112       640     0.658    0.5806    0.5507    0.4526   0.07028   0.01358         0
   147/299     11.4G   0.02699  0.003534         0   0.03052       100       640    0.6787    0.5847    0.5655    0.4668   0.06951   0.01334         0
   148/299     11.4G   0.02713  0.003561         0   0.03069       110       640    0.6769    0.6101    0.5842    0.4846   0.06855   0.01306         0
   149/299     11.4G   0.02674  0.003886         0   0.03062       104       640    0.6771    0.6085    0.5858    0.4852   0.06851   0.01295         0
   150/299     11.4G   0.02397  0.004175         0   0.02814        84       640     0.647    0.5774    0.5437     0.445   0.07052   0.01368         0
   151/299     11.4G   0.02302  0.003988         0     0.027       107       640    0.6456    0.5521    0.5282    0.4285   0.07103   0.01419         0
   152/299     11.4G   0.02383  0.004071         0    0.0279       106       640    0.6525    0.4734    0.4665    0.3681   0.08143   0.01522         0
   153/299     11.4G   0.02324   0.00422         0   0.02746       104       640    0.2583   0.04661   0.02931   0.01968    0.1011   0.02085         0
   154/299     11.4G   0.02157  0.003917         0   0.02549       103       640    0.2367   0.04884    0.0288   0.01788    0.1009   0.02054         0
   155/299     11.4G   0.02029  0.003794         0   0.02409        92       640    0.1824   0.09595   0.04923   0.03005   0.09957   0.02015         0
   156/299     11.4G   0.02033  0.003974         0   0.02431        99       640    0.2235    0.1143   0.06751   0.04075   0.09853   0.01983         0
   157/299     11.4G   0.02977  0.005445         0   0.03521       105       640         0         0         0         0    0.1051   0.02133         0
   158/299     11.4G   0.02338  0.005195         0   0.02858       126       640         0         0         0         0    0.1073   0.02066         0
   159/299     11.4G   0.02056  0.004845         0   0.02541        95       640         0         0         0         0     0.108   0.02016         0
   160/299     11.4G    0.0184  0.004539         0   0.02293       102       640         0         0         0         0    0.1077   0.02008         0
   161/299     11.4G   0.02526  0.005109         0   0.03037       105       640         0         0         0         0    0.1084   0.01967         0
   162/299     11.4G   0.03101  0.005367         0   0.03638        93       640         0         0         0         0    0.1088   0.01941         0
   163/299     11.4G   0.02689  0.004993         0   0.03189        96       640         0         0         0         0    0.1089   0.01918         0
   164/299     11.4G   0.02562  0.004791         0   0.03041       103       640         0         0         0         0    0.1085   0.01914         0
   165/299     11.4G   0.02626  0.004884         0   0.03115       102       640         0         0         0         0    0.1084   0.01913         0
   166/299     11.4G   0.02472  0.004618         0   0.02933       110       640         0         0         0         0     0.108   0.01914         0
   167/299     11.4G   0.02635  0.004855         0    0.0312       113       640         0         0         0         0    0.1081    0.0193         0
   168/299     11.4G   0.02567  0.004705         0   0.03037        84       640         0         0         0         0    0.1082   0.01956         0
   169/299     11.4G   0.02415  0.004507         0   0.02866       111       640         0         0         0         0    0.1081   0.01983         0
   170/299     11.4G   0.02323  0.004417         0   0.02765       114       640         0         0         0         0    0.1078   0.02001         0
   171/299     11.4G   0.02307   0.00433         0    0.0274        86       640    0.3032   0.00693  0.007102  0.005577    0.1072   0.02001         0
   172/299     11.4G   0.02225  0.004263         0   0.02651        83       640    0.1903   0.03275    0.0173   0.01039    0.1061   0.01975         0
   173/299     11.4G   0.02267  0.004232         0    0.0269        91       640    0.1458   0.08019    0.0389   0.02274    0.1045   0.01933         0
   174/299     11.4G   0.02138  0.004157         0   0.02554       107       640     0.244    0.1073   0.06594   0.03997    0.1024   0.01889         0
   175/299     11.4G   0.02179  0.004105         0   0.02589       105       640    0.2965     0.145   0.09899   0.06077   0.09994    0.0184         0
   176/299     11.4G   0.02092  0.004097         0   0.02502        97       640    0.3577    0.1755    0.1339   0.08326   0.09773   0.01796         0
   177/299     11.4G   0.02271  0.004036         0   0.02674        92       640    0.3472    0.2213    0.1659    0.1052   0.09588   0.01752         0
   178/299     11.4G   0.02161  0.004004         0   0.02561       101       640    0.3875    0.2447    0.1936    0.1247   0.09439   0.01714         0
   179/299     11.4G   0.02145  0.003984         0   0.02543       112       640    0.4032    0.2721    0.2196    0.1429   0.09296   0.01682         0
   180/299     11.4G   0.02071   0.00397         0   0.02468       103       640     0.426    0.2934    0.2436    0.1604   0.09168   0.01657         0
   181/299     11.4G   0.02038  0.003928         0   0.02431        96       640    0.4802    0.2981    0.2644    0.1765   0.09056   0.01632         0
   182/299     11.4G   0.02369  0.004223         0   0.02791        94       640    0.4741    0.3198    0.2803    0.1868   0.09002   0.01605         0
   183/299     11.4G   0.02212  0.004289         0   0.02641        95       640    0.4926    0.3528    0.3146    0.2115   0.08871   0.01547         0
   184/299     11.4G    0.0218  0.004134         0   0.02594       100       640    0.5243    0.3735    0.3444    0.2344   0.08749   0.01499         0
   185/299     11.4G   0.02159  0.004032         0   0.02562        97       640    0.5124    0.4068    0.3652    0.2511    0.0866   0.01464         0
   186/299     11.4G   0.02297  0.004112         0   0.02708       129       640    0.5421    0.4015    0.3756    0.2606   0.08607    0.0144         0
   187/299     11.4G   0.02113   0.00402         0   0.02515       113       640    0.5603    0.4058    0.3872     0.271   0.08546    0.0142         0
   188/299     11.4G   0.01961  0.003934         0   0.02355        97       640     0.561    0.4164    0.3975    0.2803   0.08491   0.01408         0
   189/299     11.4G   0.02105  0.003905         0   0.02496        93       640    0.5537    0.4312    0.4051     0.288   0.08444   0.01402         0
   190/299     11.4G    0.0223  0.004282         0   0.02658       114       640    0.5252    0.4245    0.3827    0.2643   0.08584   0.01436         0
   191/299     11.4G   0.02555  0.004944         0    0.0305        80       640    0.4909    0.3623    0.3158    0.2058   0.08992    0.0153         0
   192/299     11.4G   0.02394  0.004771         0   0.02871        98       640    0.4819    0.3278    0.2864    0.1828    0.0916   0.01542         0
   193/299     11.4G   0.02637  0.004803         0   0.03117        94       640    0.4244    0.2686     0.223    0.1355   0.09502   0.01589         0
   194/299     11.4G   0.02674  0.004754         0   0.03149       111       640    0.3574    0.2488    0.1908    0.1135   0.09666   0.01616         0
   195/299     11.4G   0.02626  0.004687         0   0.03095       102       640    0.3765     0.219    0.1753    0.1021   0.09758   0.01614         0
   196/299     11.4G   0.02395   0.00442         0   0.02837        82       640    0.3989    0.2211    0.1844    0.1082   0.09705    0.0158         0
   197/299     11.4G   0.02295  0.004355         0    0.0273        88       640    0.3961    0.2388    0.1972    0.1175    0.0963   0.01542         0
   198/299     11.4G   0.02242  0.004267         0   0.02668       101       640    0.4228     0.249    0.2135    0.1288   0.09542   0.01495         0
   199/299     11.4G   0.02303  0.004214         0   0.02725        84       640    0.4512    0.2595    0.2308    0.1414   0.09453   0.01457         0
   200/299     11.4G   0.02183  0.004181         0   0.02601        89       640    0.4099    0.2987     0.249    0.1549   0.09367    0.0142         0
   201/299     11.4G    0.0226  0.004122         0   0.02673        89       640     0.465    0.2972    0.2678    0.1687   0.09291   0.01385         0
   202/299     11.4G   0.02084   0.00411         0   0.02495        79       640    0.4377    0.3349    0.2858    0.1825   0.09217   0.01353         0
   203/299     11.4G   0.02129  0.004081         0   0.02537        86       640    0.4666    0.3465    0.3029    0.1957   0.09146   0.01333         0
   204/299     11.4G   0.02227  0.004032         0    0.0263        96       640    0.4921    0.3543     0.319    0.2086   0.09079   0.01316         0
   205/299     11.4G   0.02189  0.004016         0    0.0259        94       640     0.505    0.3663     0.333    0.2204   0.09025   0.01306         0
   206/299     11.4G   0.02136  0.003991         0   0.02535        86       640    0.5225    0.3746    0.3452     0.231   0.08976   0.01296         0
   207/299     11.4G   0.02146  0.003972         0   0.02543        95       640    0.4969    0.4126    0.3582    0.2418   0.08913   0.01289         0
   208/299     11.4G     0.022  0.003932         0   0.02594       103       640     0.505    0.4231    0.3685    0.2512   0.08863   0.01285         0
   209/299     11.4G   0.02197   0.00392         0   0.02589        97       640    0.5202    0.4276    0.3769    0.2594   0.08819   0.01282         0
   210/299     11.4G   0.02213  0.003888         0   0.02602       103       640    0.5421    0.4253    0.3834    0.2658   0.08779   0.01284         0
   211/299     11.4G   0.02117  0.003893         0   0.02506        95       640    0.5562    0.4252    0.3891    0.2719   0.08737   0.01287         0
   212/299     11.4G   0.02283  0.003895         0   0.02672        96       640    0.5568    0.4332    0.3959    0.2794   0.08692   0.01289         0
   213/299     11.4G   0.02473  0.003824         0   0.02855       103       640    0.5533    0.4454     0.401    0.2855   0.08655   0.01292         0
   214/299     11.4G   0.02685  0.003833         0   0.03068        91       640    0.5568    0.4514    0.4065    0.2922   0.08613   0.01296         0
   215/299     11.4G   0.02626   0.00381         0   0.03007        95       640     0.568      0.45    0.4112    0.2983   0.08582     0.013         0
   216/299     11.4G   0.02644  0.003792         0   0.03023       102       640    0.5797     0.453    0.4168     0.305   0.08445   0.01308         0
   217/299     11.4G   0.02681  0.003776         0   0.03059       105       640    0.6148     0.442    0.4232     0.312   0.07839   0.01346         0
   218/299     11.4G   0.02702   0.00376         0   0.03078       101       640    0.5809    0.4728    0.4317    0.3207   0.07777   0.01352         0
   219/299     11.4G   0.02598  0.003722         0    0.0297        95       640    0.6096    0.4667    0.4412    0.3308   0.07709   0.01356         0
   220/299     11.4G    0.0271   0.00376         0   0.03086        98       640    0.6186    0.4731    0.4492    0.3406   0.07646   0.01357         0
   221/299     11.4G   0.02675  0.003704         0   0.03045        97       640    0.6328    0.4759    0.4566    0.3495   0.07591   0.01356         0
   222/299     11.4G   0.02696  0.003707         0   0.03067       107       640    0.6239    0.4917    0.4649    0.3591   0.07532   0.01352         0
   223/299     11.4G   0.02604  0.003679         0   0.02972        82       640    0.6247    0.5051    0.4749    0.3699   0.07472   0.01348         0
   224/299     11.4G   0.02626  0.003651         0   0.02991        93       640    0.6547    0.5039    0.4865    0.3823   0.07409   0.01337         0
   225/299     11.4G   0.02596  0.003657         0   0.02962        84       640    0.6605    0.5217    0.5014     0.397   0.07326   0.01323         0
   226/299     11.4G   0.02681  0.003643         0   0.03046       100       640    0.6652    0.5404    0.5176    0.4133   0.07242   0.01304         0
   227/299     11.4G   0.02663  0.003638         0   0.03027       104       640    0.6941    0.5419    0.5349    0.4303   0.07151   0.01285         0
   228/299     11.4G   0.02678  0.003617         0    0.0304       105       640    0.6779    0.5773    0.5518    0.4479   0.07057   0.01263         0
   229/299     11.4G   0.02584  0.003593         0   0.02943        96       640    0.7006    0.5835    0.5681    0.4648   0.06969   0.01239         0
   230/299     11.4G   0.02591  0.003573         0   0.02948       111       640    0.6963      0.61    0.5853    0.4823   0.06879   0.01212         0
   231/299     11.4G   0.02722  0.003645         0   0.03087        87       640    0.6928    0.6331    0.5993    0.4974     0.068   0.01189         0
   232/299     11.4G   0.02592  0.003572         0   0.02949       111       640    0.6899    0.6551    0.6119    0.5111   0.06726   0.01169         0
   233/299     11.4G   0.02627  0.003565         0   0.02983        92       640    0.7048     0.665    0.6266    0.5269   0.06646   0.01144         0
   234/299     11.4G   0.02599  0.003545         0   0.02953        89       640    0.7126    0.6782    0.6402    0.5417   0.06569    0.0112         0
   235/299     11.4G   0.02669  0.003525         0   0.03021       102       640    0.7203     0.689    0.6539    0.5572   0.06497   0.01098         0
   236/299     11.4G    0.0259  0.003511         0   0.02941        98       640    0.7119    0.7128    0.6651    0.5697   0.06433   0.01075         0
   237/299     11.4G    0.0255  0.003509         0   0.02901        90       640    0.7205    0.7228    0.6752    0.5823   0.06365   0.01052         0
   238/299     11.4G   0.02555  0.003514         0   0.02907       108       640    0.7324    0.7273    0.6847    0.5932   0.06307   0.01031         0
   239/299     11.4G   0.02543  0.003519         0   0.02895        93       640    0.7304    0.7448    0.6938    0.6038   0.06254   0.01012         0
   240/299     11.4G   0.02575   0.00348         0   0.02923        86       640     0.731    0.7578    0.7024    0.6136   0.06203   0.00992         0
   241/299     11.4G   0.02528  0.003485         0   0.02877        89       640    0.7381    0.7634    0.7103    0.6231   0.06156  0.009751         0
   242/299     11.4G   0.02529  0.003486         0   0.02878        90       640    0.7382    0.7747    0.7181    0.6323   0.06112  0.009586         0
   243/299     11.4G   0.02613  0.003471         0    0.0296        86       640    0.7375     0.787    0.7267    0.6425   0.06069  0.009428         0
   244/299     11.4G   0.02483  0.003456         0   0.02828       105       640    0.7306    0.8064    0.7326    0.6494   0.06034  0.009296         0
   245/299     11.4G   0.02503  0.003447         0   0.02847       103       640    0.7266    0.8229    0.7394    0.6575      0.06  0.009172         0
   246/299     11.4G   0.02712  0.003457         0   0.03057       102       640    0.7494    0.8095    0.7459    0.6649   0.05965   0.00904         0
   247/299     11.4G   0.02621  0.003445         0   0.02966        92       640    0.7512    0.8182    0.7521    0.6721   0.05934  0.008915         0
   248/299     11.4G   0.02519  0.003439         0   0.02863        97       640    0.7551    0.8239    0.7577    0.6789   0.05906  0.008802         0
   249/299     11.4G   0.02605  0.003437         0   0.02949       112       640    0.7471    0.8429    0.7624    0.6841   0.05882   0.00871         0
   250/299     11.4G    0.0254  0.003436         0   0.02884       111       640    0.7411    0.8602    0.7661    0.6887    0.0586  0.008634         0
   251/299     11.4G   0.02583   0.00341         0   0.02924        94       640    0.7532    0.8522    0.7696    0.6927   0.05841  0.008568         0
   252/299     11.4G   0.02687  0.003412         0   0.03028       106       640    0.7562    0.8588    0.7731    0.6968   0.05821  0.008501         0
   253/299     11.4G   0.02616  0.003403         0   0.02956        96       640    0.7578    0.8659    0.7762    0.6998   0.05803  0.008442         0
   254/299     11.4G   0.02451  0.003411         0   0.02793       118       640    0.7607     0.869    0.7794    0.7035   0.05787  0.008387         0
   255/299     11.4G   0.02631  0.003397         0   0.02971        95       640    0.7594    0.8776    0.7824    0.7066   0.05772  0.008343         0
   256/299     11.4G   0.02444  0.003396         0   0.02784        97       640    0.7637    0.8767    0.7849    0.7096   0.05756  0.008294         0
   257/299     11.4G   0.02524  0.003393         0   0.02863       106       640    0.7598    0.8881    0.7872    0.7127   0.05742  0.008243         0
   258/299     11.4G    0.0257  0.003372         0   0.02907       104       640    0.7655    0.8842    0.7894    0.7152   0.05729  0.008214         0
   259/299     11.4G   0.02534  0.003353         0    0.0287        85       640     0.761     0.894    0.7912     0.718   0.05718   0.00819         0
   260/299     11.4G   0.02523  0.003364         0   0.02859       100       640    0.7657    0.8923    0.7927    0.7206   0.05707  0.008165         0
   261/299     11.4G   0.02636  0.003362         0   0.02973        98       640    0.7674     0.893    0.7936    0.7218   0.05697  0.008133         0
   262/299     11.4G   0.02609  0.003376         0   0.02946       101       640    0.7669    0.8967     0.795    0.7236   0.05688  0.008102         0
   263/299     11.4G   0.02511  0.003348         0   0.02845        91       640    0.7705    0.8949     0.796    0.7247    0.0568  0.008084         0
   264/299     11.4G   0.02419   0.00336         0   0.02755       112       640    0.7707    0.8969    0.7966    0.7253   0.05672  0.008068         0
   265/299     11.4G   0.02441  0.003348         0   0.02776        97       640    0.7714    0.8974    0.7973    0.7269   0.05665  0.008046         0
   266/299     11.4G   0.02608  0.003345         0   0.02943       117       640    0.7693    0.9021    0.7979    0.7275   0.05658  0.008035         0
   267/299     11.4G   0.02587   0.00336         0   0.02923        96       640    0.7673    0.9071     0.799    0.7288   0.05652  0.008027         0
   268/299     11.4G   0.02578  0.003342         0   0.02912        96       640    0.7672    0.9083    0.7993    0.7296   0.05645  0.008022         0
   269/299     11.4G   0.02443  0.003333         0   0.02777       101       640    0.7701    0.9057    0.8002    0.7308    0.0564  0.008015         0
   270/299     11.4G   0.02573  0.003346         0   0.02908        96       640    0.7628     0.917    0.8006    0.7317   0.05633   0.00801         0
   271/299     11.4G   0.02495   0.00333         0   0.02828       106       640    0.7759    0.9008     0.801    0.7325   0.05627  0.008007         0
   272/299     11.4G   0.02379  0.003334         0   0.02712        95       640    0.7766    0.9015    0.8016    0.7338   0.05622  0.007999         0
   273/299     11.4G   0.02406  0.003305         0   0.02736        98       640    0.7769    0.9018    0.8019    0.7341   0.05618  0.007998         0
   274/299     11.4G   0.02449  0.003302         0   0.02779       101       640    0.7752    0.9046    0.8018    0.7342   0.05613  0.007999         0
   275/299     11.4G   0.02422  0.003303         0   0.02752       101       640    0.7785    0.9011    0.8022    0.7348   0.05609  0.007989         0
   276/299     11.4G   0.02514   0.00327         0   0.02841        91       640    0.7775     0.903     0.803    0.7365   0.05604  0.007993         0
   277/299     11.4G   0.02455  0.003288         0   0.02784       112       640    0.7772    0.9045    0.8034    0.7371   0.05598  0.007999         0
   278/299     11.4G   0.02427  0.003283         0   0.02755       113       640    0.7745    0.9089    0.8041    0.7377   0.05594     0.008         0
   279/299     11.4G   0.02567  0.003304         0   0.02897       110       640    0.7742    0.9107    0.8046    0.7381    0.0559  0.008004         0
   280/299     11.4G    0.0248  0.003282         0   0.02808       101       640    0.7751    0.9101    0.8046    0.7386   0.05585  0.008003         0
   281/299     11.4G   0.02516  0.003281         0   0.02845        99       640    0.7759    0.9098     0.804    0.7388   0.05581  0.007996         0
   282/299     11.4G   0.02398   0.00329         0   0.02727        99       640     0.776    0.9105    0.8043    0.7394   0.05576  0.007995         0
   283/299     11.4G   0.02493  0.003294         0   0.02822       102       640    0.7752    0.9135    0.8043    0.7395   0.05571  0.007991         0
   284/299     11.4G   0.02699  0.003258         0   0.03025        93       640     0.773    0.9167    0.8043    0.7398   0.05567  0.007987         0
   285/299     11.4G   0.02642  0.003256         0   0.02968        94       640    0.7755    0.9147    0.8044      0.74   0.05564  0.007984         0
   286/299     11.4G   0.02717  0.003277         0   0.03044       105       640    0.7739    0.9171    0.8047    0.7408    0.0556  0.007984         0
   287/299     11.4G   0.03293  0.003818         0   0.03675        80       640    0.7818    0.8917    0.8008    0.7342   0.05585  0.008166         0
   288/299     11.4G   0.03213  0.003818         0   0.03595       100       640    0.7553    0.8692    0.7814    0.7101   0.05175  0.009004         0
   289/299     11.4G   0.03197  0.003559         0   0.03553       108       640    0.7649    0.8336    0.7724    0.6999   0.03919  0.009958         0
   290/299     11.4G   0.03273   0.00344         0   0.03617       100       640    0.7576    0.8413    0.7711    0.6984    0.0392  0.009929         0
   291/299     11.4G   0.03098    0.0034         0   0.03438        81       640    0.7459    0.8635    0.7741    0.7016    0.0389  0.009857         0
   292/299     11.4G   0.02949  0.003357         0   0.03284        87       640    0.7594    0.8567    0.7772    0.7051   0.03864  0.009769         0
   293/299     11.4G   0.02934  0.003339         0   0.03268        87       640    0.7602    0.8628    0.7806    0.7089   0.03849  0.009689         0
   294/299     11.4G   0.02995  0.003347         0    0.0333       104       640    0.7576    0.8737    0.7833    0.7125   0.03832  0.009628         0
   295/299     11.4G   0.02914  0.003303         0   0.03244       102       640    0.7694     0.867    0.7858    0.7158   0.03813  0.009566         0
   296/299     11.4G   0.03005  0.003309         0   0.03336        98       640    0.7563    0.8933    0.7884    0.7193   0.03796  0.009506         0
   297/299     11.4G   0.02964  0.003288         0   0.03293       103       640    0.7639    0.8911    0.7909    0.7223   0.03782  0.009454         0
   298/299     11.4G   0.03109  0.003294         0   0.03439        79       640    0.7704    0.8885     0.793    0.7245   0.03766  0.009416         0
   299/299     11.4G    0.0304  0.003274         0   0.03367        95       640    0.7679    0.8967    0.7946    0.7272   0.03752  0.009379         0
