     0/299     9.73G   0.04778  0.008514         0    0.0563       122       640    0.6587     0.444    0.4761    0.3299     0.062   0.01696         0
     1/299     9.65G   0.03509  0.005502         0    0.0406       128       640     0.952    0.9253    0.9753    0.8339   0.05054  0.009217         0
     2/299     11.4G   0.03565  0.005633         0   0.04128       141       640  0.002193   0.07756 0.0001833 3.422e-05    0.1019   0.02301         0
     3/299     11.4G   0.04149   0.00785         0   0.04934       128       640    0.8975    0.8183    0.9083    0.7498   0.04548   0.01252         0
     4/299     11.4G   0.03849  0.006362         0   0.04485       130       640    0.9334    0.8808    0.9521     0.809   0.03916   0.01163         0
     5/299     11.4G   0.03546  0.006861         0   0.04232       117       640   0.07291   0.05178   0.02402   0.01123    0.1062   0.03425         0
     6/299     11.4G   0.04205  0.008846         0    0.0509       150       640    0.8446    0.7023      0.81    0.6087   0.05971    0.0136         0
     7/299     11.4G   0.03485    0.0076         0   0.04245       137       640     0.773     0.578    0.6641    0.4696   0.06565   0.01451         0
     8/299     11.4G   0.03976  0.007727         0   0.04749       126       640    0.8981     0.818    0.9071    0.7366   0.05315   0.01247         0
     9/299     11.4G   0.03621  0.007039         0   0.04325       124       640    0.8984    0.8534     0.927    0.7651   0.05119   0.01229         0
    10/299     11.4G    0.0359    0.0068         0    0.0427       115       640    0.9124    0.8586    0.9359    0.7803    0.0503   0.01231         0
    11/299     11.4G   0.03403  0.006612         0   0.04064       134       640    0.9144    0.8632     0.941    0.7914    0.0498   0.01212         0
    12/299     11.4G    0.0334   0.00666         0   0.04006       129       640    0.9103    0.8494    0.9309    0.7783   0.05057   0.01258         0
    13/299     11.4G   0.03273  0.006451         0   0.03918       134       640    0.9158    0.8534    0.9359     0.789   0.04958   0.01248         0
    14/299     11.4G   0.03967  0.007356         0   0.04703       139       640    0.8441    0.7329    0.8317    0.6614   0.05377   0.01418         0
    15/299     11.4G   0.03639  0.006629         0   0.04302       129       640    0.8972    0.8405    0.9201    0.7699   0.04327   0.01324         0
    16/299     11.4G   0.03605  0.006275         0   0.04232       127       640    0.9227    0.8621    0.9432    0.8032    0.0418    0.0128         0
    17/299     11.4G   0.03656  0.006151         0   0.04271       112       640    0.9231    0.8771    0.9517    0.8172   0.04119   0.01271         0
    18/299     11.4G   0.03568  0.005972         0   0.04165       104       640    0.9333    0.8772    0.9555    0.8251    0.0408   0.01272         0
    19/299     11.4G   0.04015  0.006952         0    0.0471       124       640     0.846    0.7548    0.8557    0.6974   0.04544   0.01514         0
    20/299     11.4G   0.03838  0.006358         0   0.04474       121       640    0.8466    0.7161    0.8306    0.6649   0.04664    0.0156         0
    21/299     11.4G   0.03838   0.00645         0   0.04483       129       640    0.8351    0.7027    0.8143    0.6489   0.04701   0.01598         0
    22/299     11.4G   0.03605  0.006218         0   0.04226       123       640    0.8292     0.693    0.8032    0.6351   0.04765   0.01636         0
    23/299     11.4G   0.03601  0.005993         0     0.042       131       640    0.8411    0.7225    0.8256    0.6606   0.04689    0.0159         0
    24/299     11.4G   0.03607  0.005819         0   0.04189       138       640    0.8615    0.7324    0.8425    0.6813   0.04614   0.01556         0
    25/299     11.4G   0.03563  0.005698         0   0.04133       112       640    0.8539    0.7574    0.8547    0.6973   0.04552   0.01531         0
    26/299     11.4G   0.03526  0.005618         0   0.04087       116       640    0.8541    0.7716    0.8631     0.709   0.04504   0.01517         0
    27/299     11.4G   0.03503  0.005542         0   0.04058       132       640    0.8668    0.7704     0.868    0.7171   0.04472   0.01515         0
    28/299     11.4G   0.03713  0.005427         0   0.04255       119       640      0.86    0.7831    0.8719     0.724   0.04447   0.01513         0
    29/299     11.4G   0.03676   0.00535         0   0.04211       119       640    0.8682    0.7822     0.874    0.7281    0.0443   0.01519         0
    30/299     11.4G   0.03583  0.005292         0   0.04112       121       640    0.8743    0.7797    0.8742    0.7304   0.04418    0.0153         0
    31/299     11.4G   0.03526  0.005307         0   0.04056       150       640    0.8692    0.7819    0.8732    0.7313    0.0441   0.01545         0
    32/299     11.4G   0.03595   0.00528         0   0.04123       152       640    0.8622    0.7855    0.8728    0.7325   0.04401   0.01557         0
    33/299     11.4G   0.03744   0.00522         0   0.04266       147       640     0.871    0.7764    0.8705     0.731   0.04403   0.01578         0
    34/299     11.4G   0.03584  0.005149         0   0.04099       130       640    0.8627    0.7812    0.8684    0.7302   0.04405   0.01601         0
    35/299     11.4G   0.03444  0.005094         0   0.03954       118       640    0.8762    0.7677    0.8645    0.7271   0.04415    0.0163         0
    36/299     11.4G    0.0362  0.005239         0   0.04144       135       640    0.8758    0.7624    0.8586     0.722    0.0443   0.01662         0
    37/299     11.4G   0.03272   0.00577         0   0.03849       130       640     0.862    0.7403    0.8355    0.6967   0.04525   0.01758         0
    38/299     11.4G    0.0304  0.005836         0   0.03623       115       640    0.8258    0.6709    0.7658    0.6266   0.04783   0.01976         0
    39/299     11.4G   0.02966  0.005366         0   0.03503       136       640    0.8358    0.6555    0.7577    0.6179   0.04802    0.0199         0
    40/299     11.4G   0.02926  0.005182         0   0.03444       126       640     0.835    0.6628    0.7629    0.6237   0.04765   0.01967         0
    41/299     11.4G   0.02876  0.005119         0   0.03388       127       640    0.8402    0.6682    0.7696    0.6315   0.04711   0.01944         0
    42/299     11.4G   0.03606  0.005296         0   0.04135       129       640    0.8377    0.6535    0.7556     0.619   0.04769   0.01994         0
    43/299     11.4G   0.03503  0.005103         0   0.04013       110       640     0.833    0.6566    0.7554    0.6188   0.05083   0.01982         0
    44/299     11.4G   0.03595  0.004983         0   0.04093       112       640    0.8254    0.6672    0.7592    0.6237   0.05811   0.01924         0
    45/299     11.4G   0.03507  0.004937         0   0.04001       128       640    0.8439    0.6666    0.7669    0.6322   0.06289   0.01873         0
    46/299     11.4G   0.03505  0.004883         0   0.03993       115       640    0.8358    0.6847    0.7768    0.6425    0.0641   0.01842         0
    47/299     11.4G   0.03479  0.004846         0   0.03963       147       640    0.8388    0.6949    0.7853    0.6514   0.06337   0.01829         0
    48/299     11.4G    0.0346  0.004834         0   0.03943       106       640    0.8542    0.6956    0.7944    0.6619   0.06042   0.01835         0
    49/299     11.4G   0.03478  0.004824         0    0.0396       128       640    0.8399    0.7152     0.801    0.6693   0.05426   0.01879         0
    50/299     11.4G    0.0356  0.005184         0   0.04078       127       640    0.8401    0.7054    0.7918    0.6584   0.04727   0.02002         0
    51/299     11.4G   0.03568  0.005136         0   0.04082       132       640    0.8289    0.6727    0.7566    0.6196   0.04557   0.02172         0
    52/299     11.4G   0.03515  0.004895         0   0.04005       126       640    0.8244    0.6692    0.7523    0.6134   0.04634   0.02199         0
    53/299     11.4G   0.03472   0.00482         0   0.03954       142       640    0.8445    0.6664    0.7604    0.6215   0.04694   0.02171         0
    54/299     11.4G   0.03433  0.004758         0   0.03909       141       640    0.8303    0.6907    0.7721    0.6335     0.047   0.02135         0
    55/299     11.4G   0.03383  0.004724         0   0.03856       121       640    0.8587    0.6892    0.7852    0.6471   0.04669   0.02093         0
    56/299     11.4G   0.03596  0.004688         0   0.04065       126       640    0.8495    0.7121    0.7969    0.6596    0.0463   0.02056         0
    57/299     11.4G   0.03447  0.004663         0   0.03913       156       640    0.8671    0.7131     0.807    0.6712   0.04586   0.02026         0
    58/299     11.4G    0.0345  0.004657         0   0.03915       133       640    0.8715    0.7242    0.8165    0.6826   0.04542      0.02         0
    59/299     11.4G     0.036  0.004845         0   0.04084       107       640    0.8825    0.7318    0.8273    0.6943   0.04494   0.01962         0
    60/299     11.4G   0.03418  0.005362         0   0.03954       121       640     0.845    0.6433    0.7326    0.6051   0.04868   0.02349         0
    61/299     11.4G   0.03473  0.005286         0   0.04001       125       640    0.7654    0.4964    0.5359    0.4339   0.05682   0.02982         0
    62/299     11.4G   0.03311  0.006343         0   0.03945       137       640    0.6352   0.02198   0.02253   0.01821   0.09873   0.03449         0
    63/299     11.4G   0.02778  0.005433         0   0.03322       127       640    0.4341   0.01103   0.01034  0.008379    0.1055   0.03369         0
    64/299     11.4G    0.0266  0.005119         0   0.03172       134       640     0.348   0.02289   0.01694   0.01344    0.1043   0.03364         0
    65/299     11.4G    0.0292  0.005015         0   0.03422       154       640    0.3427   0.05642   0.03785   0.02824    0.1018   0.03372         0
    66/299     11.4G   0.02785  0.004903         0   0.03275       130       640    0.3191    0.1096   0.07422   0.05541   0.09864   0.03369         0
    67/299     11.4G   0.02788  0.004848         0   0.03272       127       640    0.2995    0.1734    0.1193   0.08902   0.09529    0.0334         0
    68/299     11.4G   0.02581  0.004763         0   0.03058       131       640    0.3689    0.2135    0.1693    0.1266   0.09192   0.03299         0
    69/299     11.4G   0.02739  0.004752         0   0.03214       127       640     0.454    0.2468    0.2203    0.1658   0.08891   0.03247         0
    70/299     11.4G   0.02763  0.004868         0   0.03249       120       640    0.4778    0.2827    0.2615    0.1981   0.08682   0.03195         0
    71/299     11.4G   0.02653  0.004745         0   0.03128       135       640    0.5197    0.3143    0.3041    0.2326   0.08493   0.03119         0
    72/299     11.4G    0.0263  0.004653         0   0.03095       136       640     0.566    0.3539    0.3574    0.2762   0.08256   0.03029         0
    73/299     11.4G   0.02632  0.005071         0   0.03139       112       640     0.577    0.3386    0.3449    0.2695    0.0833    0.0306         0
    74/299     11.4G   0.02733  0.005855         0   0.03318       129       640    0.3578    0.1079   0.07883   0.06076   0.09823    0.0357         0
    75/299     11.4G   0.02611  0.005546         0   0.03165       145       640    0.3084   0.01597   0.01142  0.009713    0.1057    0.0369         0
    76/299     11.4G   0.02455  0.005051         0    0.0296       131       640    0.3149   0.02083   0.01378   0.01155     0.105    0.0382         0
    77/299     11.4G   0.02831  0.005565         0   0.03387       128       640     0.247   0.01901   0.01119  0.009059    0.1052   0.03745         0
    78/299     11.4G   0.02718  0.005348         0   0.03253       125       640    0.2295   0.02768    0.0153   0.01159    0.1041   0.03682         0
    79/299     11.4G   0.02767  0.005047         0   0.03271       128       640    0.2366   0.07064   0.03794   0.02707    0.1008   0.03633         0
    80/299     11.4G   0.02883  0.006599         0   0.03543       121       640    0.1468  0.004486  0.005658  0.005388    0.1075   0.03565         0
    81/299     11.4G   0.01855  0.005854         0    0.0244       128       640    0.2105  0.001217  0.005147  0.004602    0.1087   0.03494         0
    82/299     11.4G   0.01617  0.005373         0   0.02154       129       640    0.1418  0.001445  0.003538  0.003088    0.1081   0.03481         0
    83/299     11.4G   0.01403  0.005176         0   0.01921       121       640       0.2  0.004943  0.005989  0.005115    0.1066   0.03509         0
    84/299     11.4G   0.01363  0.005049         0   0.01868       120       640     0.206   0.02851   0.01721    0.0127     0.104   0.03525         0
    85/299     11.4G   0.01357  0.004953         0   0.01852       124       640    0.1589   0.07566   0.04038   0.02835    0.1007   0.03499         0
    86/299     11.4G   0.01323    0.0049         0   0.01813       130       640     0.244    0.1184    0.0786   0.05453    0.0969   0.03435         0
    87/299     11.4G   0.01326  0.004873         0   0.01813       133       640    0.3042    0.1707     0.129   0.08879    0.0927   0.03339         0
    88/299     11.4G   0.01293  0.004788         0   0.01771       106       640    0.3484    0.2374    0.1903    0.1318   0.09373   0.03179         0
    89/299     11.4G   0.01289  0.004794         0   0.01769       128       640    0.4813    0.2697    0.2612    0.1845   0.09239   0.03018         0
    90/299     11.4G   0.01279  0.004711         0    0.0175       131       640    0.4962    0.3432    0.3338    0.2399   0.08949   0.02863         0
    91/299     11.4G   0.01286    0.0047         0   0.01756       124       640    0.5706     0.389    0.4049    0.2967   0.08667   0.02703         0
    92/299     11.4G   0.01214  0.004662         0    0.0168       136       640    0.6322    0.4297    0.4671    0.3486   0.08424   0.02564         0
    93/299     11.4G   0.01223  0.004593         0   0.01682       156       640    0.6859    0.4635     0.519    0.3935   0.08234   0.02445         0
    94/299     11.4G   0.01223  0.004603         0   0.01683       132       640    0.7259    0.4971    0.5678    0.4363   0.08068   0.02328         0
    95/299     11.4G   0.01201  0.004536         0   0.01655       133       640    0.7336    0.5423     0.611    0.4743   0.07929   0.02228         0
    96/299     11.4G   0.01263  0.004517         0   0.01714       148       640     0.751    0.5765    0.6459    0.5064   0.07818   0.02145         0
    97/299     11.4G   0.01252  0.004485         0     0.017       149       640     0.777    0.5971    0.6712    0.5297   0.07742   0.02077         0
    98/299     11.4G   0.01587   0.00463         0    0.0205       117       640    0.8117     0.614    0.6999    0.5576   0.07648   0.01999         0
    99/299     11.4G   0.02268  0.006534         0   0.02922       134       640     0.625    0.3163    0.3392    0.2538   0.09122    0.0295         0
   100/299     11.4G   0.02366   0.00787         0   0.03153       134       640         0         0         0         0    0.1115   0.03793         0
   101/299     11.4G   0.02242  0.007298         0   0.02971       132       640         0         0         0         0    0.1105   0.03736         0
   102/299     11.4G   0.02276  0.007538         0    0.0303       134       640         0         0         0         0    0.1103   0.03689         0
   103/299     11.4G   0.02264  0.007186         0   0.02983       125       640         0         0         0         0    0.1103   0.03649         0
   104/299     11.4G    0.0218  0.006738         0   0.02853       135       640         0         0         0         0    0.1103   0.03631         0
   105/299     11.4G   0.02119  0.006738         0   0.02793       107       640         0         0         0         0    0.1104   0.03592         0
   106/299     11.4G    0.0216  0.006705         0    0.0283       156       640         0         0         0         0    0.1112   0.03522         0
   107/299     11.4G   0.02195  0.006819         0   0.02877       112       640         0         0         0         0    0.1119   0.03452         0
   108/299     11.4G   0.02186   0.00669         0   0.02855       127       640         0         0         0         0    0.1123   0.03381         0
   109/299     11.4G   0.02299  0.006595         0   0.02958       109       640         0         0         0         0    0.1126   0.03326         0
   110/299     11.4G   0.03644  0.007466         0   0.04391       127       640         0         0         0         0    0.0932   0.03404         0
   111/299     11.4G   0.03551  0.006771         0   0.04228       128       640         0         0         0         0   0.09343   0.03382         0
   112/299     11.4G   0.03482  0.006602         0   0.04142       133       640         0         0         0         0   0.09359   0.03367         0
   113/299     11.4G   0.03619    0.0063         0   0.04249       129       640         0         0         0         0    0.0936   0.03371         0
   114/299     11.4G   0.03413  0.006447         0   0.04057       118       640         0         0         0         0   0.09374   0.03353         0
   115/299     11.4G   0.03451  0.006121         0   0.04063       110       640         0         0         0         0   0.09361   0.03378         0
   116/299     11.4G   0.03258  0.005906         0   0.03848       122       640    0.3333 0.0001521  0.005051  0.003365   0.09349   0.03396         0
   117/299     11.4G   0.03483  0.005794         0   0.04062       133       640    0.3429 0.0009125  0.005313  0.004972   0.09315   0.03403         0
   118/299     11.4G   0.03187  0.005679         0   0.03755       130       640    0.2976  0.003802  0.006132  0.005744   0.09245   0.03421         0
   119/299     11.4G   0.03466   0.00594         0    0.0406       129       640    0.3669   0.01719   0.01344   0.01028   0.09156   0.03426         0
   120/299     11.4G   0.03536  0.005714         0   0.04107       133       640    0.3154   0.03931   0.02821   0.02083   0.09039   0.03426         0
   121/299     11.4G   0.03686  0.005823         0   0.04268       136       640    0.2557   0.06897    0.0491   0.03567   0.08891   0.03418         0
   122/299     11.4G   0.03561  0.005545         0   0.04115       126       640    0.3225   0.08996   0.07269   0.05325   0.08732   0.03401         0
   123/299     11.4G   0.03552  0.005438         0   0.04096       148       640    0.2944    0.1262   0.09949   0.07291    0.0817   0.03409         0
   124/299     11.4G   0.03662  0.005619         0   0.04224       142       640    0.3253    0.1398     0.114   0.08361    0.0797   0.03401         0
   125/299     11.4G   0.03523  0.005462         0   0.04069       122       640    0.3891    0.1487     0.133   0.09626   0.07751   0.03396         0
   126/299     11.4G   0.03366   0.00526         0   0.03892       124       640    0.4395     0.168    0.1576     0.113   0.07497   0.03379         0
   127/299     11.4G   0.03461  0.005186         0   0.03979       138       640      0.42     0.199    0.1839    0.1308   0.07271   0.03363         0
   128/299     11.4G    0.0355  0.005211         0   0.04071       116       640    0.5148    0.2074    0.2094     0.148   0.07086   0.03348         0
   129/299     11.4G   0.03611  0.005422         0   0.04153       126       640    0.4902    0.2343    0.2315     0.163   0.06963   0.03317         0
   130/299     11.4G   0.03378  0.005129         0   0.03891       143       640     0.517    0.2481    0.2498    0.1754   0.06864   0.03299         0
   131/299     11.4G   0.03602  0.005564         0   0.04159       123       640    0.4518    0.2318    0.2224    0.1555   0.06961   0.03368         0
   132/299     11.4G   0.03526  0.005312         0   0.04057       129       640    0.4474     0.227    0.2166     0.152   0.06936   0.03401         0
   133/299     11.4G   0.03505  0.005112         0   0.04016       147       640     0.455    0.2308    0.2195    0.1546   0.06878   0.03426         0
   134/299     11.4G   0.03533  0.005284         0   0.04061       134       640    0.4844    0.2341    0.2287    0.1617   0.06808   0.03426         0
   135/299     11.4G   0.03654   0.00564         0   0.04218       161       640    0.4464    0.2323    0.2176    0.1543   0.06838   0.03444         0
   136/299     11.4G   0.03707  0.005805         0   0.04288       143       640    0.3931    0.2022    0.1776    0.1267   0.07025   0.03514         0
   137/299     11.4G   0.03679  0.005677         0   0.04247       129       640    0.4164    0.1868    0.1685      0.12   0.07059   0.03512         0
   138/299     11.4G   0.03712  0.005662         0   0.04278       132       640    0.4082    0.1796    0.1597    0.1138   0.07103   0.03493         0
   139/299     11.4G   0.03636  0.005218         0   0.04158       126       640    0.3752    0.1976    0.1684      0.12   0.07066   0.03432         0
   140/299     11.4G   0.03487   0.00505         0   0.03992       144       640    0.4089    0.2065    0.1841    0.1314   0.06988    0.0338         0
   141/299     11.4G   0.03509   0.00496         0   0.04005       130       640     0.415    0.2283    0.2053     0.147   0.06897   0.03325         0
   142/299     11.4G   0.03473  0.005064         0   0.03979       123       640    0.4535    0.2435    0.2286    0.1642   0.06785   0.03272         0
   143/299     11.4G   0.03408  0.004972         0   0.03906       125       640    0.4834    0.2629    0.2552    0.1841   0.06656   0.03225         0
   144/299     11.4G   0.03456  0.005086         0   0.03964       119       640    0.5219    0.2753    0.2771    0.2015   0.06563   0.03183         0
   145/299     11.4G   0.03522   0.00487         0   0.04009       163       640    0.5154    0.3017    0.3012    0.2208   0.06457   0.03151         0
   146/299     11.4G   0.03416  0.004786         0   0.03894       116       640    0.5678    0.3177    0.3314    0.2453   0.06329   0.03102         0
   147/299     11.4G   0.03272  0.004745         0   0.03747       119       640    0.6188     0.334    0.3646    0.2726   0.06185   0.03062         0
   148/299     11.4G   0.03353  0.004741         0   0.03827       122       640    0.5883    0.3833    0.4022    0.3033   0.06034   0.03008         0
   149/299     11.4G   0.03375  0.004686         0   0.03843       129       640    0.6445    0.4051    0.4426    0.3373   0.05881   0.02954         0
   150/299     11.4G    0.0334  0.004689         0   0.03809       123       640    0.6674    0.4356    0.4812    0.3693   0.05748   0.02895         0
   151/299     11.4G   0.03421   0.00464         0   0.03885       137       640      0.69    0.4661    0.5173    0.4004   0.05622   0.02833         0
   152/299     11.4G   0.03496  0.004622         0   0.03958       126       640    0.7194    0.4897    0.5501    0.4282   0.05506   0.02787         0
   153/299     11.4G   0.03373  0.004599         0   0.03833       120       640    0.7198    0.5226    0.5801     0.455   0.05395   0.02734         0
   154/299     11.4G   0.03341  0.004613         0   0.03802       142       640    0.7277    0.5525    0.6069    0.4794   0.05302    0.0268         0
   155/299     11.4G   0.03494  0.004549         0   0.03949       134       640    0.7841    0.5544     0.634    0.5045   0.05202   0.02623         0
   156/299     11.4G   0.03238  0.004525         0   0.03691       116       640     0.804    0.5727      0.66     0.528   0.05108   0.02571         0
   157/299     11.4G    0.0325  0.004553         0   0.03705       127       640    0.8049    0.6018    0.6849    0.5516   0.05013   0.02518         0
   158/299     11.4G   0.03214  0.004472         0   0.03661       118       640    0.8303    0.6114    0.7061    0.5723   0.04931   0.02461         0
   159/299     11.4G   0.03293  0.004488         0   0.03742       123       640    0.8232    0.6379    0.7256    0.5917   0.04856   0.02409         0
   160/299     11.4G     0.033  0.004448         0   0.03745       126       640    0.8464    0.6462    0.7443    0.6108   0.04783   0.02349         0
   161/299     11.4G   0.03275  0.004412         0   0.03716       141       640    0.8637    0.6579    0.7614    0.6275   0.04716   0.02291         0
   162/299     11.4G   0.03278  0.004416         0   0.03719       136       640    0.8587    0.6832    0.7781    0.6451    0.0465   0.02231         0
   163/299     11.4G   0.03228  0.004406         0   0.03668       122       640    0.8544    0.7075    0.7942    0.6617   0.04584   0.02169         0
   164/299     11.4G   0.03291  0.004373         0   0.03728       120       640    0.8661    0.7189    0.8083    0.6768   0.04521   0.02118         0
   165/299     11.4G   0.03316  0.004362         0   0.03752       140       640    0.8788     0.728    0.8219     0.691   0.04465   0.02067         0
   166/299     11.4G   0.03286  0.004358         0   0.03722       117       640     0.888    0.7367    0.8328    0.7026   0.04415   0.02025         0
   167/299     11.4G   0.03084  0.004366         0   0.03521       114       640    0.8751    0.7615    0.8436    0.7153   0.04364   0.01976         0
   168/299     11.4G   0.03262  0.004298         0   0.03692       117       640    0.8994    0.7632    0.8547    0.7281   0.04312   0.01932         0
   169/299     11.4G   0.03268  0.004784         0   0.03746       116       640    0.9001    0.7744    0.8644    0.7389   0.04268    0.0189         0
   170/299     11.4G   0.03309   0.00508         0   0.03817       158       640    0.8906     0.753    0.8439    0.7182   0.04347   0.01941         0
   171/299     11.4G    0.0333  0.004654         0   0.03795       126       640    0.9075    0.7373    0.8415    0.7164   0.04347    0.0193         0
   172/299     11.4G   0.03412  0.004551         0   0.03867       133       640      0.89    0.7642    0.8528    0.7289   0.04295   0.01887         0
   173/299     11.4G   0.03288  0.004526         0   0.03741       111       640    0.9031    0.7796    0.8702    0.7469   0.04222   0.01836         0
   174/299     11.4G   0.03378  0.004382         0   0.03816       128       640    0.9053    0.8046    0.8902    0.7675   0.04139   0.01781         0
   175/299     11.4G   0.03424  0.004518         0   0.03875       124       640    0.9222    0.8111    0.9032    0.7825    0.0408   0.01739         0
   176/299     11.4G   0.03157  0.004403         0   0.03598       115       640    0.9197    0.8303    0.9137    0.7951   0.04032   0.01704         0
   177/299     11.4G   0.03283  0.004311         0   0.03714       127       640    0.9187    0.8478    0.9236    0.8071    0.0398   0.01676         0
   178/299     11.4G   0.03191  0.004374         0   0.03629       117       640    0.9281    0.8526    0.9303    0.8164   0.03943   0.01659         0
   179/299     11.4G   0.03216  0.004299         0   0.03646       114       640    0.9345    0.8612     0.937    0.8255   0.03907   0.01641         0
   180/299     11.4G    0.0321  0.004198         0    0.0363       108       640    0.9321    0.8761    0.9435    0.8346    0.0387   0.01626         0
   181/299     11.4G   0.03274  0.004209         0   0.03694       138       640    0.9371    0.8837     0.949    0.8428   0.03837   0.01613         0
   182/299     11.4G    0.0322  0.004199         0    0.0364       126       640    0.9403    0.8902     0.954    0.8494   0.03806   0.01602         0
   183/299     11.4G   0.03227  0.004212         0   0.03648       113       640    0.9405    0.8993     0.958     0.856   0.03779   0.01592         0
   184/299     11.4G   0.03105  0.004163         0   0.03521       163       640    0.9463    0.9026    0.9618    0.8614   0.03755   0.01584         0
   185/299     11.4G    0.0314  0.004125         0   0.03553       129       640    0.9472    0.9086     0.965    0.8668   0.03734   0.01575         0
   186/299     11.4G   0.03318  0.004112         0   0.03729       136       640    0.9482    0.9151    0.9679    0.8717   0.03714   0.01567         0
   187/299     11.4G   0.03236  0.004125         0   0.03649       140       640    0.9448    0.9241    0.9707    0.8769   0.03694   0.01562         0
   188/299     11.4G   0.03419   0.00406         0   0.03825       132       640    0.9513     0.924    0.9729    0.8807   0.03676    0.0156         0
   189/299     11.4G   0.03314  0.004076         0   0.03722       128       640    0.9562    0.9246    0.9751    0.8841   0.03658   0.01558         0
   190/299     11.4G   0.03249  0.004055         0   0.03654       122       640    0.9596    0.9259    0.9772    0.8877   0.03641   0.01554         0
   191/299     11.4G   0.03259  0.004056         0   0.03665       149       640    0.9616    0.9281    0.9788    0.8904   0.03626   0.01553         0
   192/299     11.4G   0.03185  0.004015         0   0.03587       135       640    0.9588    0.9365    0.9802    0.8936   0.03611   0.01551         0
   193/299     11.4G   0.03284  0.004016         0   0.03685       134       640    0.9635    0.9355    0.9814    0.8965   0.03598   0.01551         0
   194/299     11.4G   0.03237  0.003986         0   0.03636       128       640    0.9625    0.9401    0.9823    0.8998   0.03585   0.01551         0
   195/299     11.4G   0.03079  0.003986         0   0.03477       142       640    0.9565    0.9486    0.9832    0.9013   0.03573   0.01551         0
   196/299     11.4G   0.03134  0.003942         0   0.03528       137       640     0.963     0.946    0.9842    0.9035   0.03564   0.01552         0
   197/299     11.4G   0.03205  0.003961         0   0.03601       128       640    0.9635    0.9487     0.985    0.9053   0.03553   0.01553         0
   198/299     11.4G   0.03136  0.003938         0    0.0353       116       640    0.9654    0.9503    0.9859    0.9075   0.03542   0.01555         0
   199/299     11.4G   0.03232  0.003904         0   0.03623       140       640    0.9676    0.9501    0.9867    0.9088   0.03533   0.01556         0
   200/299     11.4G   0.03074  0.003934         0   0.03468       144       640     0.967    0.9529    0.9872    0.9111   0.03523   0.01557         0
   201/299     11.4G   0.03266  0.003891         0   0.03655       140       640    0.9664    0.9566    0.9879    0.9127   0.03515   0.01559         0
   202/299     11.4G   0.03093  0.003912         0   0.03484       120       640    0.9684    0.9577    0.9886    0.9145   0.03506   0.01559         0
   203/299     11.4G   0.03183  0.003887         0   0.03572       124       640    0.9682    0.9609    0.9892    0.9154   0.03499   0.01559         0
   204/299     11.4G   0.03188  0.003859         0   0.03574       126       640    0.9695    0.9631    0.9899    0.9163    0.0349   0.01561         0
   205/299     11.4G   0.03005  0.003848         0    0.0339       114       640     0.971    0.9644    0.9905    0.9175   0.03481   0.01563         0
   206/299     11.4G   0.03192  0.003813         0   0.03574       134       640    0.9745    0.9633     0.991    0.9199   0.03473   0.01565         0
   207/299     11.4G   0.03291  0.003812         0   0.03672       125       640     0.975     0.965    0.9914    0.9209   0.03466   0.01567         0
   208/299     11.4G   0.03041  0.003904         0   0.03431       147       640    0.9764    0.9644    0.9916    0.9223   0.03459   0.01569         0
   209/299     11.4G   0.03064  0.003821         0   0.03446       124       640    0.9773    0.9649    0.9918    0.9237   0.03452   0.01572         0
   210/299     11.4G   0.03007  0.003788         0   0.03386       134       640     0.979    0.9651    0.9921    0.9245   0.03445   0.01575         0
   211/299     11.4G   0.03002  0.003783         0    0.0338       130       640    0.9782    0.9669    0.9924    0.9256   0.03439   0.01578         0
   212/299     11.4G   0.03169  0.003776         0   0.03546       142       640    0.9777    0.9687    0.9927    0.9262   0.03431    0.0158         0
   213/299     11.4G    0.0299  0.003752         0   0.03365       131       640    0.9807    0.9679    0.9929    0.9272   0.03425   0.01582         0
   214/299     11.4G   0.03121  0.003725         0   0.03493       136       640     0.981    0.9688     0.993    0.9285   0.03419   0.01584         0
   215/299     11.4G   0.02936    0.0037         0   0.03306       126       640    0.9797    0.9711    0.9932    0.9291   0.03413   0.01587         0
   216/299     11.4G   0.03107  0.003685         0   0.03475       138       640    0.9798     0.972    0.9933    0.9302   0.03406    0.0159         0
   217/299     11.4G   0.03115  0.003715         0   0.03487       141       640    0.9813    0.9721    0.9935    0.9306     0.034   0.01594         0
   218/299     11.4G   0.03344  0.003687         0   0.03713       112       640    0.9808    0.9735    0.9937    0.9318   0.03394   0.01599         0
   219/299     11.4G   0.03029  0.003702         0   0.03399       117       640    0.9807    0.9744    0.9938    0.9322   0.03388   0.01603         0
   220/299     11.4G   0.03102  0.003793         0   0.03481       149       640    0.9776     0.978    0.9939    0.9332   0.03383   0.01609         0
   221/299     11.4G   0.02981  0.004467         0   0.03427       118       640    0.9797    0.9728    0.9935    0.9318   0.03389   0.01617         0
   222/299     11.4G    0.0312  0.004623         0   0.03582       125       640    0.9797    0.9678    0.9927    0.9293   0.03403   0.01625         0
   223/299     11.4G   0.03851  0.007088         0    0.0456       143       640    0.8953    0.6877    0.7874    0.6629   0.04533   0.02145         0
   224/299     11.4G   0.03689  0.006565         0   0.04345       132       640    0.5622     0.251    0.2475    0.1861   0.06915   0.03188         0
   225/299     11.4G   0.03395  0.005852         0    0.0398       126       640     0.466    0.1665    0.1495    0.1083   0.07423   0.03281         0
   226/299     11.4G   0.03538  0.005439         0   0.04082       141       640    0.4361    0.1763    0.1541    0.1108   0.07333   0.03296         0
   227/299     11.4G   0.03529  0.005034         0   0.04032       119       640    0.4837    0.2184    0.2017    0.1478    0.0697   0.03266         0
   228/299     11.4G   0.03466  0.004927         0   0.03959       154       640    0.5616    0.2808     0.285     0.213   0.06464   0.03169         0
   229/299     11.4G   0.03392  0.004749         0   0.03867       132       640    0.5948    0.3739    0.3882    0.2953   0.05961   0.03007         0
   230/299     11.4G   0.03466  0.004588         0   0.03924       144       640     0.684    0.4509    0.4968    0.3856    0.0553   0.02772         0
   231/299     11.4G   0.03178    0.0045         0   0.03628       122       640    0.7601    0.5181    0.5927    0.4669     0.052   0.02536         0
   232/299     11.4G   0.02988  0.004441         0   0.03432       146       640    0.8118    0.5749    0.6717    0.5379   0.04939   0.02319         0
   233/299     11.4G   0.02886  0.004411         0   0.03327       118       640    0.8319    0.6357    0.7306    0.5928    0.0473   0.02157         0
   234/299     11.4G   0.03066  0.004808         0   0.03547       103       640    0.8291    0.6478    0.7439    0.6078   0.04756   0.02123         0
   235/299     11.4G    0.0341  0.005566         0   0.03967       137       640    0.8117    0.6146    0.7102    0.5759   0.05538   0.02149         0
   236/299     11.4G   0.03018  0.004685         0   0.03487       125       640    0.7989     0.646    0.7301    0.5949   0.05476   0.02057         0
   237/299     11.4G   0.02984  0.004497         0   0.03434       148       640      0.84    0.6619    0.7604    0.6237   0.05373   0.01956         0
   238/299     11.4G   0.02642  0.004374         0   0.03079       113       640    0.8561    0.6906    0.7906    0.6544   0.05263   0.01869         0
   239/299     11.4G   0.03064   0.00431         0   0.03495       141       640     0.874    0.7144    0.8186    0.6837   0.05156   0.01798         0
   240/299     11.4G   0.03158  0.004259         0   0.03584       131       640    0.8831    0.7472    0.8442    0.7111   0.05057   0.01742         0
   241/299     11.4G   0.03093  0.004194         0   0.03512       135       640    0.8884    0.7766    0.8671    0.7365   0.04965   0.01699         0
   242/299     11.4G   0.02864  0.004175         0   0.03282       139       640    0.8993    0.7992     0.886    0.7595   0.04883   0.01666         0
   243/299     11.4G    0.0295  0.004143         0   0.03364       123       640    0.9093    0.8229    0.9024      0.78   0.04809    0.0164         0
   244/299     11.4G   0.02972  0.004236         0   0.03396       125       640    0.9124    0.8454    0.9173    0.7981    0.0474   0.01617         0
   245/299     11.4G   0.02951  0.004942         0   0.03446       124       640     0.917    0.8424    0.9187    0.8014    0.0473   0.01621         0
   246/299     11.4G   0.03014  0.004497         0   0.03464       142       640    0.9191    0.8517     0.925    0.8082     0.047   0.01615         0
   247/299     11.4G   0.03178  0.004339         0   0.03612       125       640    0.9251     0.864    0.9337    0.8195   0.04658   0.01604         0
   248/299     11.4G   0.02952   0.00423         0   0.03375       114       640    0.9309    0.8742    0.9414    0.8297   0.04618   0.01595         0
   249/299     11.4G   0.02948  0.004186         0   0.03366       136       640    0.9334    0.8842    0.9479    0.8386   0.04581   0.01588         0
   250/299     11.4G    0.0295  0.004114         0   0.03362       113       640    0.9394    0.8927    0.9541    0.8472   0.04549   0.01584         0
   251/299     11.4G      0.03  0.004063         0   0.03406       113       640     0.944    0.8992    0.9589    0.8543   0.04517   0.01581         0
   252/299     11.4G   0.02993  0.004002         0   0.03393       148       640    0.9511    0.9017    0.9633    0.8612   0.04487   0.01579         0
   253/299     11.4G    0.0278  0.004003         0   0.03181       124       640    0.9541    0.9063    0.9674    0.8671    0.0446   0.01578         0
   254/299     11.4G   0.02758  0.003973         0   0.03156       126       640    0.9626    0.9061    0.9704    0.8729   0.04435   0.01576         0
   255/299     11.4G    0.0289  0.003966         0   0.03287       130       640    0.9468    0.9277    0.9734    0.8785    0.0441   0.01576         0
   256/299     11.4G   0.02919  0.003937         0   0.03313       116       640    0.9528    0.9297    0.9762     0.883   0.04386   0.01578         0
   257/299     11.4G   0.02835  0.003924         0   0.03228       119       640    0.9553    0.9334    0.9785    0.8869   0.04365   0.01578         0
   258/299     11.4G   0.02967  0.003916         0   0.03359       134       640    0.9567    0.9383    0.9801    0.8909   0.04347    0.0158         0
   259/299     11.4G   0.02856  0.003887         0   0.03244       126       640    0.9613    0.9404    0.9817    0.8952   0.04329   0.01583         0
   260/299     11.4G   0.02931  0.003828         0   0.03314       113       640    0.9657    0.9412    0.9831    0.8977   0.04313   0.01587         0
   261/299     11.4G   0.02827  0.003849         0   0.03212       138       640    0.9648    0.9463    0.9841    0.9014   0.04297   0.01591         0
   262/299     11.4G   0.02977  0.003808         0   0.03358       133       640     0.969    0.9468    0.9855    0.9037   0.04283   0.01595         0
   263/299     11.4G   0.02817  0.003812         0   0.03198       123       640    0.9684     0.951    0.9865    0.9063    0.0427   0.01597         0
   264/299     11.4G   0.02742  0.003803         0   0.03123       116       640    0.9695    0.9542    0.9875    0.9092   0.04258     0.016         0
   265/299     11.4G    0.0287  0.003786         0   0.03249       127       640    0.9676    0.9591    0.9884    0.9106   0.04246   0.01604         0
   266/299     11.4G   0.02901  0.003764         0   0.03277       120       640    0.9732    0.9574    0.9893     0.913   0.04236   0.01607         0
   267/299     11.4G   0.02877  0.003751         0   0.03252       127       640    0.9711     0.963      0.99    0.9146   0.04226   0.01611         0
   268/299     11.4G   0.02783  0.003743         0   0.03157       136       640      0.97     0.967    0.9907    0.9163   0.04217   0.01614         0
   269/299     11.4G   0.02637  0.003726         0    0.0301       133       640    0.9724     0.967    0.9911    0.9175   0.04209   0.01617         0
   270/299     11.4G   0.02896   0.00374         0    0.0327       118       640    0.9753    0.9666    0.9914    0.9202   0.04201   0.01621         0
   271/299     11.4G   0.02977  0.003691         0   0.03346       119       640    0.9801    0.9638    0.9917    0.9216   0.04194   0.01625         0
   272/299     11.4G   0.02816  0.003688         0   0.03184       131       640    0.9789    0.9662     0.992    0.9229   0.04187   0.01628         0
   273/299     11.4G   0.02852  0.003699         0   0.03222       107       640    0.9824    0.9652    0.9924    0.9236    0.0418   0.01632         0
   274/299     11.4G    0.0268  0.003669         0   0.03047       146       640    0.9795    0.9703    0.9926    0.9249   0.04175   0.01636         0
   275/299     11.4G   0.02806   0.00365         0   0.03171       145       640    0.9787    0.9722    0.9929    0.9255    0.0417   0.01639         0
   276/299     11.4G   0.02731  0.003671         0   0.03098       136       640    0.9807    0.9719    0.9931    0.9261   0.04165   0.01644         0
   277/299     11.4G   0.02853  0.003642         0   0.03217       131       640    0.9833    0.9707    0.9933    0.9273    0.0416   0.01647         0
   278/299     11.4G    0.0271  0.003633         0   0.03073       131       640    0.9803    0.9752    0.9935    0.9282   0.04155    0.0165         0
   279/299     11.4G   0.02725  0.003621         0   0.03088       125       640    0.9815    0.9743    0.9937     0.929   0.04151   0.01654         0
   280/299     11.4G   0.02859  0.003604         0    0.0322       121       640    0.9836    0.9728    0.9939    0.9298   0.04148   0.01658         0
   281/299     11.4G   0.02828   0.00356         0   0.03184       112       640    0.9839    0.9729    0.9939    0.9307   0.04144   0.01661         0
   282/299     11.4G   0.02601  0.003597         0   0.02961       137       640    0.9832    0.9742     0.994    0.9311   0.04141   0.01665         0
   283/299     11.4G   0.02891  0.003569         0   0.03248       130       640    0.9843    0.9737    0.9942    0.9313   0.04137   0.01671         0
   284/299     11.4G   0.02782  0.003575         0    0.0314       129       640    0.9845    0.9741    0.9943     0.932   0.04134   0.01674         0
   285/299     11.4G   0.02681  0.003571         0   0.03038       123       640    0.9843     0.975    0.9944    0.9319   0.04132   0.01677         0
   286/299     11.4G   0.02735   0.00357         0   0.03092       128       640    0.9844    0.9755    0.9945    0.9321    0.0413    0.0168         0
   287/299     11.4G   0.02835  0.003585         0   0.03194       130       640    0.9809    0.9794    0.9945    0.9324   0.04129   0.01683         0
   288/299     11.4G   0.02883  0.003515         0   0.03235       118       640    0.9807    0.9798    0.9946    0.9329   0.04127   0.01687         0
   289/299     11.4G   0.02886  0.003547         0   0.03241       119       640    0.9839    0.9769    0.9946    0.9333   0.04125   0.01692         0
   290/299     11.4G   0.02817  0.003545         0   0.03171       120       640    0.9859     0.975    0.9946    0.9334   0.04123   0.01696         0
   291/299     11.4G   0.02929   0.00353         0   0.03282       127       640    0.9857    0.9755    0.9946     0.934   0.04121   0.01698         0
   292/299     11.4G   0.02756  0.003561         0   0.03112       130       640    0.9843    0.9767    0.9947    0.9346    0.0412   0.01702         0
   293/299     11.4G   0.02605  0.003532         0   0.02959       134       640    0.9864     0.975    0.9947    0.9349   0.04119   0.01706         0
   294/299     11.4G    0.0274  0.003517         0   0.03092       139       640    0.9842     0.977    0.9946    0.9345   0.04119   0.01709         0
   295/299     11.4G   0.02906  0.003528         0   0.03259       137       640    0.9837    0.9771    0.9947    0.9344   0.04118   0.01711         0
   296/299     11.4G    0.0282  0.003531         0   0.03174       132       640    0.9844    0.9764    0.9947     0.935   0.04118   0.01713         0
   297/299     11.4G     0.027  0.003498         0    0.0305       127       640    0.9842    0.9763    0.9946    0.9352   0.04116   0.01716         0
   298/299     11.4G   0.02595  0.003522         0   0.02947       141       640    0.9845    0.9761    0.9946    0.9353   0.04115   0.01719         0
   299/299     11.4G   0.02752  0.003474         0   0.03099       120       640    0.9832    0.9775    0.9946    0.9352   0.04113   0.01722         0
