      0/99     9.73G   0.04499  0.005853         0   0.05084        99       640    0.4819    0.4031     0.363    0.2107   0.08252  0.009624         0
      1/99     9.65G   0.03694  0.004783         0   0.04173        86       640    0.5665    0.5308    0.5032    0.3318   0.06332  0.009456         0
      2/99     11.4G   0.04185  0.005174         0   0.04702        88       640    0.7128    0.7544    0.7123    0.5658   0.05169  0.007964         0
      3/99     11.4G   0.03481  0.004138         0   0.03895        95       640    0.7536    0.8508    0.7742    0.6656   0.04919  0.006981         0
      4/99     11.4G   0.03478  0.004096         0   0.03887        94       640    0.6697    0.6775    0.6424    0.4853   0.04991  0.009662         0
      5/99     11.4G    0.0402  0.004842         0   0.04505        92       640     0.132   0.08902   0.03972   0.01628   0.08232   0.01135         0
      6/99     11.4G    0.0391  0.005045         0   0.04414        86       640    0.7211    0.7801     0.727    0.5864   0.05269  0.007965         0
      7/99     11.4G   0.03379  0.004411         0    0.0382       109       640    0.7402      0.83    0.7574    0.6338   0.04838  0.007922         0
      8/99     11.4G   0.03423  0.004251         0   0.03849        94       640    0.7461    0.8121    0.7482    0.6258   0.04847   0.00783         0
      9/99     11.4G   0.03307  0.004095         0   0.03717        90       640    0.7592    0.8572    0.7739    0.6659   0.04664  0.007704         0
     10/99     11.4G   0.03077  0.003922         0   0.03469       113       640    0.7518     0.879    0.7766    0.6798   0.04518  0.007877         0
     11/99     11.4G   0.03079  0.003818         0   0.03461        88       640    0.7637    0.8836    0.7872    0.6945   0.04465  0.007867         0
     12/99     11.4G   0.03067  0.003732         0    0.0344        98       640    0.7612    0.8944     0.792    0.7045   0.04448  0.007837         0
     13/99     11.4G   0.03074  0.003677         0   0.03441        95       640    0.7619    0.9017    0.7937    0.7108   0.04395  0.007965         0
     14/99     11.4G   0.03256  0.004072         0   0.03664       103       640    0.7322    0.7757    0.7245    0.6122   0.04797  0.009449         0
     15/99     11.4G   0.04115  0.005039         0   0.04619        94       640    0.4858    0.4219    0.3747    0.2363   0.06737   0.01576         0
     16/99     11.4G   0.03881  0.004759         0   0.04356        95       640    0.5815     0.479    0.4718    0.3276    0.0576   0.01306         0
     17/99     11.4G   0.04054  0.005082         0   0.04562       110       640    0.2383    0.1506   0.09781   0.05313   0.07508   0.01482         0
     18/99     11.4G   0.04003  0.005241         0   0.04527        96       640         0         0         0         0   0.08843   0.01437         0
     19/99     11.4G   0.03635  0.004633         0   0.04098        83       640    0.1282   0.08019   0.03429   0.01702   0.08276   0.01541         0
     20/99     11.4G   0.03563  0.004821         0   0.04045        89       640    0.2413    0.1417   0.08886   0.04894   0.07774   0.01561         0
     21/99     11.4G   0.03978  0.005426         0    0.0452       114       640    0.1497   0.03465   0.01763   0.01003    0.0824   0.01613         0
     22/99     11.4G   0.03919  0.005404         0   0.04459       104       640    0.3274  0.003053     0.006  0.002403   0.08388   0.01653         0
     23/99     11.4G   0.03234  0.004819         0   0.03716        97       640    0.1309   0.03119   0.01528  0.009243   0.08267   0.01661         0
     24/99     11.4G    0.0327   0.00462         0   0.03732        86       640    0.1298   0.08456   0.04032   0.02217   0.07943   0.01671         0
     25/99     11.4G   0.03094   0.00451         0   0.03545       104       640    0.2504     0.119   0.07948   0.04323   0.07627   0.01659         0
     26/99     11.4G   0.03142  0.004453         0   0.03587       129       640    0.2972    0.1661    0.1217   0.06795   0.07359   0.01627         0
     27/99     11.4G   0.03051  0.004485         0   0.03499        83       640    0.3527    0.2082     0.165   0.09505   0.07126   0.01593         0
     28/99     11.4G    0.0344  0.004779         0   0.03918       111       640    0.3242    0.2182     0.165   0.09623   0.07157   0.01586         0
     29/99     11.4G   0.03578  0.004917         0    0.0407        92       640     0.177    0.1037   0.05705   0.03101     0.078   0.01678         0
     30/99     11.4G    0.0348  0.005212         0   0.04002       115       640         0         0         0         0   0.08705   0.01697         0
     31/99     11.4G    0.0325  0.004745         0   0.03725        94       640         0         0         0         0    0.1021   0.01624         0
     32/99     11.4G   0.03326   0.00453         0   0.03779        99       640         0         0         0         0    0.1023   0.01619         0
     33/99     11.4G   0.03156  0.004391         0   0.03595       109       640         0         0         0         0    0.1023   0.01628         0
     34/99     11.4G   0.03139  0.004314         0   0.03571        95       640         0         0         0         0    0.1022   0.01637         0
     35/99     11.4G   0.02983  0.004228         0   0.03406       102       640    0.2627  0.008085  0.005778  0.003464    0.1016   0.01654         0
     36/99     11.4G   0.02989  0.004206         0    0.0341        89       640     0.134   0.02698   0.01382  0.007338    0.1006   0.01666         0
     37/99     11.4G   0.02965  0.004126         0   0.03378       104       640    0.1004    0.0528   0.02325   0.01227   0.09953    0.0168         0
     38/99     11.4G   0.02873  0.004089         0   0.03282       105       640    0.1408   0.06947   0.03406   0.01838   0.09837   0.01689         0
     39/99     11.4G   0.02877  0.004035         0   0.03281        97       640    0.1408   0.09925    0.0467   0.02595   0.09714   0.01701         0
     40/99     11.4G   0.02873  0.003989         0   0.03272       103       640    0.1997    0.1077   0.06108   0.03398    0.0958   0.01718         0
     41/99     11.4G   0.02884  0.003968         0   0.03281        93       640    0.2438    0.1208   0.07709   0.04243   0.09454   0.01727         0
     42/99     11.4G   0.03041   0.00393         0   0.03434       116       640    0.2165    0.1568   0.09192    0.0508   0.09351   0.01732         0
     43/99     11.4G   0.02915  0.003912         0   0.03306        90       640    0.2531    0.1669    0.1056   0.05933   0.09262   0.01741         0
     44/99     11.4G   0.02745  0.003872         0   0.03133        86       640    0.2911    0.1725    0.1177   0.06644   0.09184   0.01756         0
     45/99     11.4G   0.02777  0.003851         0   0.03163        94       640    0.2913    0.1921    0.1287   0.07386   0.09109   0.01768         0
     46/99     11.4G   0.02896  0.003831         0   0.03279       112       640    0.3087    0.2012    0.1386   0.08063   0.09043   0.01783         0
     47/99     11.4G   0.02878  0.003823         0    0.0326       100       640    0.3453    0.1973    0.1453   0.08576   0.08988   0.01798         0
     48/99     11.4G   0.02872  0.003776         0   0.03249       110       640    0.3659    0.1984    0.1508   0.09057   0.08925   0.01824         0
     49/99     11.4G   0.02575  0.003768         0   0.02952       104       640    0.3561    0.2073    0.1552   0.09423   0.08869   0.01849         0
     50/99     11.4G   0.02695   0.00374         0   0.03069        84       640    0.3493    0.2161    0.1579   0.09728   0.08838   0.01871         0
     51/99     11.4G   0.02573  0.003721         0   0.02945       107       640    0.3696     0.217    0.1622    0.1011   0.08808   0.01886         0
     52/99     11.4G    0.0257  0.003705         0    0.0294       106       640    0.3878     0.214    0.1638    0.1029   0.08791   0.01903         0
     53/99     11.4G   0.02693  0.003689         0   0.03062       104       640     0.363    0.2233    0.1635    0.1037   0.08789   0.01918         0
     54/99     11.4G   0.02622  0.003688         0   0.02991       103       640    0.3837    0.2195    0.1632    0.1045   0.08791   0.01934         0
     55/99     11.4G   0.02537  0.003627         0     0.029        92       640    0.3996    0.2122    0.1622    0.1049   0.08807   0.01952         0
     56/99     11.4G   0.02474  0.003629         0   0.02837        99       640    0.4164    0.2096    0.1623    0.1058   0.08832    0.0196         0
     57/99     11.4G   0.02763  0.003607         0   0.03124       105       640    0.4228    0.2104    0.1654    0.1089   0.08832   0.01966         0
     58/99     11.4G   0.02692   0.00359         0   0.03051       126       640    0.4277    0.2152    0.1707     0.113   0.08817   0.01975         0
     59/99     11.4G   0.02512   0.00358         0    0.0287        95       640     0.437    0.2218     0.177    0.1187   0.08794   0.01981         0
     60/99     11.4G   0.02625  0.003568         0   0.02982       102       640    0.4411    0.2322    0.1837    0.1253   0.08785   0.01975         0
     61/99     11.4G   0.02528  0.003552         0   0.02884       105       640    0.4433     0.241    0.1921    0.1325   0.08759    0.0197         0
     62/99     11.4G   0.02751  0.003548         0   0.03106        93       640    0.4482    0.2511    0.2014    0.1408   0.08743   0.01957         0
     63/99     11.4G   0.02592  0.003537         0   0.02945        96       640     0.446    0.2643    0.2138    0.1515   0.08695   0.01946         0
     64/99     11.4G   0.02322  0.003514         0   0.02673       103       640    0.4915    0.2714    0.2303    0.1649   0.08611    0.0193         0
     65/99     11.4G   0.01353  0.003483         0   0.01701       102       640    0.4864    0.2931    0.2491    0.1806   0.08517   0.01915         0
     66/99     11.4G   0.01322   0.00347         0   0.01669       110       640    0.5173    0.3086    0.2731       0.2    0.0841   0.01893         0
     67/99     11.4G   0.01275  0.003461         0   0.01621       113       640    0.5417    0.3341    0.2989    0.2208   0.08294   0.01862         0
     68/99     11.4G   0.01304  0.003436         0   0.01647        84       640    0.5969    0.3428    0.3231    0.2403   0.08182   0.01824         0
     69/99     11.4G   0.01342  0.003441         0   0.01686       111       640    0.5701    0.3813    0.3473    0.2605   0.08208   0.01777         0
     70/99     11.4G   0.01277  0.003443         0   0.01622       114       640    0.6149    0.3979    0.3751    0.2841   0.08479   0.01711         0
     71/99     11.4G   0.01324  0.003426         0   0.01667        86       640    0.6113    0.4316    0.4042    0.3083   0.08518   0.01659         0
     72/99     11.4G   0.01262  0.003427         0   0.01604        83       640    0.6418    0.4493     0.431    0.3313   0.08416   0.01618         0
     73/99     11.4G   0.01248  0.003405         0   0.01588        91       640    0.6685    0.4658     0.455     0.353   0.08301   0.01574         0
     74/99     11.4G   0.01256  0.003389         0   0.01595       107       640    0.6558    0.5035    0.4816    0.3778   0.08165   0.01526         0
     75/99     11.4G   0.01204  0.003355         0   0.01539       105       640    0.6623    0.5325    0.5067    0.4008   0.08024   0.01484         0
     76/99     11.4G   0.01191  0.003377         0   0.01529        97       640    0.6706    0.5587    0.5294    0.4229   0.07893   0.01439         0
     77/99     11.4G    0.0132  0.003334         0   0.01653        92       640    0.6882    0.5789    0.5506    0.4436   0.07772   0.01399         0
     78/99     11.4G   0.01232  0.003335         0   0.01566       101       640       0.7    0.5973    0.5697    0.4633   0.07654   0.01359         0
     79/99     11.4G   0.01165  0.003334         0   0.01498       112       640    0.7085    0.6162      0.59    0.4831   0.07536   0.01318         0
     80/99     11.4G   0.01225  0.003335         0   0.01559       103       640    0.7008    0.6485    0.6101    0.5035   0.07418   0.01276         0
     81/99     11.4G   0.01209  0.003305         0    0.0154        96       640    0.7187    0.6611    0.6285    0.5223   0.07307   0.01238         0
     82/99     11.4G    0.0125  0.003301         0   0.01581        94       640    0.7182    0.6896    0.6474    0.5422     0.072   0.01201         0
     83/99     11.4G   0.01207  0.003294         0   0.01537        95       640    0.7087    0.7239    0.6646    0.5612   0.07098   0.01164         0
     84/99     11.4G   0.01221  0.003271         0   0.01549       100       640    0.7309    0.7241    0.6797     0.578   0.07007   0.01129         0
     85/99     11.4G   0.01229  0.003277         0   0.01557        97       640    0.7216     0.757    0.6926    0.5935   0.06928   0.01099         0
     86/99     11.4G   0.01228   0.00327         0   0.01555       129       640    0.7262    0.7718    0.7052    0.6079    0.0685    0.0107         0
     87/99     11.4G   0.01279  0.003265         0   0.01605       113       640    0.7269    0.7909    0.7169    0.6221   0.06775   0.01041         0
     88/99     11.4G   0.01135  0.003248         0   0.01459        97       640    0.7481    0.7847    0.7272     0.635   0.06709   0.01015         0
     89/99     11.4G   0.01171  0.003244         0   0.01495        93       640    0.7368    0.8142    0.7378    0.6476   0.06645  0.009875         0
     90/99     11.4G   0.01217  0.003244         0   0.01541       114       640    0.7427    0.8255    0.7469    0.6584   0.06589  0.009637         0
     91/99     11.4G   0.01246   0.00323         0   0.01569        80       640    0.7412    0.8432    0.7545    0.6676   0.06539  0.009421         0
     92/99     11.4G   0.01255  0.003225         0   0.01577        98       640    0.7506     0.847    0.7616    0.6763   0.06494  0.009241         0
     93/99     11.4G   0.01262  0.003223         0   0.01584        94       640    0.7502    0.8571    0.7666     0.684   0.06454   0.00909         0
     94/99     11.4G   0.01305  0.003215         0   0.01627       111       640    0.7505    0.8678    0.7711    0.6912   0.06418  0.008944         0
     95/99     11.4G   0.01248  0.003203         0   0.01568       102       640    0.7545     0.873     0.776    0.6974   0.06387  0.008813         0
     96/99     11.4G   0.01264  0.003204         0   0.01584        82       640    0.7488    0.8892      0.78    0.7036    0.0636  0.008709         0
     97/99     11.4G   0.01403  0.003219         0   0.01725        88       640     0.757    0.8861    0.7831    0.7092   0.06334  0.008618         0
     98/99     11.4G   0.01453  0.003195         0   0.01772       101       640    0.7624    0.8869    0.7863    0.7136    0.0631  0.008524         0
     99/99     11.4G   0.01514  0.003194         0   0.01834        84       640     0.757       0.9    0.7889     0.718   0.06288  0.008455         0
